,ACAO_ABCB4,ACAO_ABEV3,ACAO_AGRO3,ACAO_ALPA4,ACAO_AMAR3,ACAO_AXIA3,ACAO_AXIA6,ACAO_B3SA3,ACAO_BBAS3,ACAO_BBDC3,ACAO_BBDC4,ACAO_BEEF3,ACAO_BRAP4,ACAO_BRKM5,ACAO_BRSR6,ACAO_CGAS5,ACAO_CLSC4,ACAO_CMIG3,ACAO_CMIG4,ACAO_COCE5,ACAO_CPFE3,ACAO_CPLE3,ACAO_CSAN3,ACAO_CSMG3,ACAO_CSNA3,ACAO_CSUD3,ACAO_CYRE3,ACAO_DXCO3,ACAO_EGIE3,ACAO_EMBJ3,ACAO_ENEV3,ACAO_EQTL3,ACAO_EUCA4,ACAO_EVEN3,ACAO_EZTC3,ACAO_FESA4,ACAO_FHER3,ACAO_FLRY3,ACAO_GFSA3,ACAO_GGBR3,ACAO_GGBR4,ACAO_GOAU4,ACAO_GRND3,ACAO_HAGA4,ACAO_HBOR3,ACAO_HYPE3,ACAO_INEP4,ACAO_ISAE4,ACAO_ITSA3,ACAO_ITSA4,ACAO_ITUB3,ACAO_ITUB4,ACAO_JHSF3,ACAO_KEPL3,ACAO_KLBN4,ACAO_LAND3,ACAO_LOGN3,ACAO_LPSB3,ACAO_LREN3,ACAO_MBRF3,ACAO_MDIA3,ACAO_MOTV3,ACAO_MRVE3,ACAO_MULT3,ACAO_MYPK3,ACAO_NATU3,ACAO_ODPV3,ACAO_PETR3,ACAO_PETR4,ACAO_PFRM3,ACAO_PINE4,ACAO_POMO4,ACAO_POSI3,ACAO_PSSA3,ACAO_RADL3,ACAO_RAPT4,ACAO_RDNI3,ACAO_RENT3,ACAO_RIAA3,ACAO_ROMI3,ACAO_SANB11,ACAO_SANB4,ACAO_SBSP3,ACAO_SCAR3,ACAO_SLCE3,ACAO_SMTO3,ACAO_TASA4,ACAO_TCSA3,ACAO_TELB4,ACAO_TGMA3,ACAO_TIMS3,ACAO_TOTS3,ACAO_TPIS3,ACAO_TRIS3,ACAO_UNIP6,ACAO_USIM3,ACAO_USIM5,ACAO_VALE3,ACAO_VIVT3,ACAO_VLID3,ACAO_WEGE3,ACAO_YDUQ3
ACAO_ABCB4,0.0973701875,0.0194783714,0.0142330764,0.0300900140,0.0421166512,0.0437462649,0.0387351670,0.0442390258,0.0508894307,0.0442780782,0.0473753335,0.0209506573,0.0307824063,0.0296221804,0.0485054894,0.0130844885,0.0156744371,0.0347095201,0.0378974488,0.0143671181,0.0220394154,0.0305205754,0.0366046930,0.0284850270,0.0457942960,0.0267285114,0.0503705477,0.0425243105,0.0192751821,0.0216847473,0.0208180041,0.0236297087,0.0263996748,0.0500949680,0.0477193315,0.0270323861,0.0310923127,0.0234862937,0.0491798839,0.0321559966,0.0357443649,0.0397599910,0.0286308577,0.0196565502,0.0506155304,0.0283063453,0.0258999106,0.0187210090,0.0315593690,0.0429652993,0.0384778701,0.0438868520,0.0440404893,0.0222716985,0.0160555638,0.0193315280,0.0316056379,0.0407084722,0.0425049731,0.0307856300,0.0234028362,0.0344875580,0.0469265466,0.0345503567,0.0398403816,0.0333816917,0.0193679549,0.0410839529,0.0420592750,0.0251648472,0.0222261466,0.0375852492,0.0392220602,0.0216262978,0.0216817782,0.0437965968,0.0205226849,0.0402066375,0.0397664766,0.0262795831,0.0436317253,0.0331228087,0.0330176474,0.0159359266,0.0185001215,0.0248297659,0.0205908552,0.0451704331,0.0207443077,0.0378745164,0.0253287859,0.0274678520,0.0314576764,0.0358626332,0.0247002574,0.0344381640,0.0449200174,0.0266494004,0.0159067328,0.0287975863,0.0207911145,0.0394771768
ACAO_ABEV3,0.0194783714,0.0557241534,0.0079666925,0.0214331110,0.0276308497,0.0282395931,0.0247016892,0.0307026820,0.0290118931,0.0301858770,0.0302204157,0.0169609117,0.0204667175,0.0228583733,0.0263746785,0.0074650506,0.0086690765,0.0226685827,0.0250598581,0.0077865218,0.0185882225,0.0199698905,0.0264719433,0.0177118686,0.0297277544,0.0172750861,0.0321691043,0.0279512436,0.0160011998,0.0206517921,0.0176525145,0.0175183729,0.0145832203,0.0286346227,0.0297434880,0.0141679825,0.0144651778,0.0174447720,0.0290144030,0.0213305192,0.0245983371,0.0254207816,0.0200498856,0.0139626267,0.0315346263,0.0222663911,0.0137414088,0.0117116117,0.0200244227,0.0278073931,0.0252427354,0.0287573688,0.0292685031,0.0146214633,0.0138608800,0.0125563403,0.0209848684,0.0233667001,0.0314448714,0.0211598137,0.0206911953,0.0259735478,0.0316342718,0.0253176374,0.0237521778,0.0267648412,0.0132653281,0.0262096457,0.0263807799,0.0138110139,0.0134259046,0.0241921100,0.0252383110,0.0175372081,0.0213508416,0.0276223723,0.0113671434,0.0277408540,0.0280545417,0.0183267372,0.0288371811,0.0247380007,0.0242535391,0.0110577649,0.0113903419,0.0178436291,0.0161030681,0.0271774687,0.0147153668,0.0226388075,0.0213700953,0.0201798513,0.0183376237,0.0228622745,0.0154369229,0.0229108474,0.0275361808,0.0189208141,0.0165948049,0.0167871022,0.0192675531,0.0273439707
ACAO_AGRO3,0.0142330764,0.0079666925,0.0699128969,0.0134260016,0.0206306715,0.0155594499,0.0156807008,0.0161606171,0.0171816622,0.0126724675,0.0130130371,0.0148528993,0.0138058052,0.0149523676,0.0145528103,0.0055105117,0.0073167571,0.0124624099,0.0129330773,0.0074176994,0.0087068301,0.0106834328,0.0168782263,0.0114595154,0.0213441318,0.0146578608,0.0190956479,0.0174492812,0.0067151550,0.0094007968,0.0103132667,0.0105523204,0.0115740586,0.0206042955,0.0201220525,0.0177503394,0.0182894479,0.0127660345,0.0231868327,0.0147123933,0.0159571867,0.0171347614,0.0128539257,0.0136686149,0.0223666610,0.0131429332,0.0145070116,0.0071237082,0.0100689162,0.0125753727,0.0119564345,0.0122674497,0.0205686809,0.0146352800,0.0076074149,0.0159481061,0.0180360518,0.0190433523,0.0185298783,0.0186227553,0.0092990504,0.0140394215,0.0187026025,0.0146995457,0.0149751868,0.0130493597,0.0089228737,0.0155399918,0.0151608711,0.0133774947,0.0129557855,0.0143934537,0.0214008105,0.0090135934,0.0097367960,0.0175678455,0.0120568921,0.0158435817,0.0201743967,0.0157622834,0.0130492331,0.0132915239,0.0140448703,0.0076172856,0.0222052940,0.0158426942,0.0182504331,0.0211918719,0.0098301506,0.0179859934,0.0081707440,0.0129144078,0.0163746103,0.0208247427,0.0153206810,0.0194219009,0.0202012279,0.0126280642,0.0082544168,0.0129754670,0.0106103356,0.0185560293
ACAO_ALPA4,0.0300900140,0.0214331110,0.0134260016,0.1265537569,0.0557456133,0.0405298262,0.0356020446,0.0460860965,0.0351946950,0.0351708213,0.0367693747,0.0230141812,0.0235360738,0.0310093378,0.0342023597,0.0117615887,0.0145923643,0.0298855661,0.0325973097,0.0126290579,0.0220654084,0.0279591701,0.0401312604,0.0253305809,0.0390339374,0.0307264605,0.0586012728,0.0484078975,0.0175497652,0.0225137136,0.0336198295,0.0255709860,0.0245485465,0.0531347228,0.0574781089,0.0240835065,0.0268084467,0.0323301766,0.0536556297,0.0255825099,0.0291268181,0.0313924353,0.0383101865,0.0226885371,0.0578004278,0.0327291604,0.0288486521,0.0185875720,0.0271600892,0.0343140060,0.0290858244,0.0324821527,0.0462701620,0.0224338661,0.0164423864,0.0194566187,0.0323810770,0.0432524114,0.0564664124,0.0295137841,0.0269824715,0.0359603416,0.0584117329,0.0391503061,0.0344369871,0.0464554205,0.0234040782,0.0321469477,0.0334447339,0.0247295826,0.0231928315,0.0360486504,0.0439455988,0.0241312007,0.0272991062,0.0420570122,0.0215309062,0.0482836338,0.0576229705,0.0352202978,0.0334734447,0.0288344606,0.0324560069,0.0197889108,0.0175991892,0.0285047059,0.0276248071,0.0513389034,0.0226229529,0.0385071812,0.0241095575,0.0361194687,0.0307853341,0.0452779476,0.0236568280,0.0352477237,0.0388769109,0.0188372206,0.0194187432,0.0307172698,0.0243738235,0.0520152812
ACAO_AMAR3,0.0421166512,0.0276308497,0.0206306715,0.0557456133,0.2369659674,0.0526125105,0.0454265901,0.0565334801,0.0519106560,0.0430360299,0.0446372045,0.0252190189,0.0292375540,0.0354717551,0.0522627662,0.0153132853,0.0193683819,0.0415026790,0.0438258947,0.0190149210,0.0288534710,0.0342302384,0.0457777745,0.0352760495,0.0507460048,0.0486047880,0.0774843487,0.0590049731,0.0224742630,0.0328124240,0.0391338875,0.0323404620,0.0370628726,0.0776451920,0.0760167396,0.0336956954,0.0371726111,0.0330374477,0.0889580994,0.0364287216,0.0376499230,0.0394106503,0.0449960645,0.0327430731,0.0845667191,0.0427062442,0.0432713170,0.0216784740,0.0334792013,0.0415017846,0.0368962452,0.0404172842,0.0687040588,0.0306382684,0.0163335280,0.0280438152,0.0484746422,0.0696850247,0.0750918306,0.0336406050,0.0309396027,0.0464490468,0.0783760759,0.0520119038,0.0488385074,0.0555980880,0.0267396630,0.0397550455,0.0410778277,0.0365777845,0.0329663336,0.0511264416,0.0667243321,0.0321497469,0.0322147583,0.0593989022,0.0282086322,0.0597823119,0.0772848382,0.0501185360,0.0407032334,0.0372458254,0.0407259456,0.0238743298,0.0217259278,0.0261722691,0.0303539933,0.0811327461,0.0332138111,0.0546756684,0.0305494859,0.0411686198,0.0515024751,0.0672840864,0.0304511278,0.0472444811,0.0541141254,0.0262848972,0.0212483088,0.0469157658,0.0254268311,0.0735889488
ACAO_AXIA3,0.0437462649,0.0282395931,0.0155594499,0.0405298262,0.0526125105,0.1688878072,0.1372043153,0.0631899233,0.0654919725,0.0565718813,0.0566397048,0.0250887489,0.0411251567,0.0407155566,0.0528226298,0.0168638576,0.0229635151,0.0648749027,0.0697041249,0.0230679900,0.0435189238,0.0552131850,0.0499247159,0.0450299337,0.0680973133,0.0346620103,0.0686212139,0.0563957577,0.0369811381,0.0301022548,0.0372902546,0.0424626973,0.0319663722,0.0630870347,0.0614550989,0.0328396673,0.0364174857,0.0325012439,0.0640966323,0.0442503201,0.0484779066,0.0541544338,0.0363880898,0.0242282180,0.0654200772,0.0383302097,0.0300816579,0.0352464311,0.0396463375,0.0544361833,0.0453915289,0.0527420830,0.0568840525,0.0275901959,0.0215873268,0.0284412626,0.0442539275,0.0501223518,0.0601347486,0.0422989057,0.0319152899,0.0510100371,0.0655924717,0.0469579288,0.0444394692,0.0501044741,0.0265734460,0.0628492336,0.0645510836,0.0303816602,0.0268828090,0.0448361062,0.0503614184,0.0317098907,0.0295232049,0.0571355648,0.0270080285,0.0546967111,0.0522495720,0.0399087305,0.0515931763,0.0450571232,0.0578038038,0.0224686001,0.0185379123,0.0283375637,0.0275291757,0.0601775358,0.0265718331,0.0493016737,0.0354317680,0.0370430367,0.0389694471,0.0475571429,0.0286892086,0.0516092819,0.0676814117,0.0361620458,0.0265873901,0.0338012265,0.0280079889,0.0514787789
ACAO_AXIA6,0.0387351670,0.0247016892,0.0156807008,0.0356020446,0.0454265901,0.1372043153,0.1394177436,0.0550843541,0.0576527549,0.0489863584,0.0492282000,0.0231188514,0.0339196247,0.0361524432,0.0473010998,0.0139987982,0.0188969801,0.0564006594,0.0616441837,0.0198972874,0.0383459923,0.0493875983,0.0448828005,0.0400009276,0.0578229011,0.0311311282,0.0603793429,0.0491890591,0.0326015209,0.0273825632,0.0298639472,0.0372903575,0.0275429904,0.0542270468,0.0541635726,0.0292058265,0.0337503279,0.0281871964,0.0556757898,0.0368726797,0.0405883207,0.0450510038,0.0319352765,0.0204797031,0.0566946240,0.0334155105,0.0256751782,0.0308524561,0.0344369815,0.0475405502,0.0393507166,0.0462204046,0.0488445197,0.0240109445,0.0187794277,0.0247915624,0.0400821103,0.0426614468,0.0531055213,0.0366979400,0.0285482029,0.0446260722,0.0569734948,0.0408355893,0.0397612873,0.0446869111,0.0222609804,0.0522964318,0.0537241642,0.0273562515,0.0235331327,0.0389232772,0.0439012232,0.0266087527,0.0269162453,0.0504361958,0.0238628082,0.0478761510,0.0464066838,0.0361213101,0.0454861656,0.0397468069,0.0500515259,0.0202043678,0.0166586175,0.0238387280,0.0238409827,0.0509768605,0.0239674266,0.0430930724,0.0312311390,0.0328886459,0.0338694955,0.0398377047,0.0251597703,0.0414371883,0.0559275647,0.0289911809,0.0227502319,0.0304152135,0.0240450677,0.0463079348
ACAO_B3SA3,0.0442390258,0.0307026820,0.0161606171,0.0460860965,0.0565334801,0.0631899233,0.0550843541,0.1228739439,0.0615083316,0.0587260867,0.0597641419,0.0277680443,0.0424363838,0.0427349088,0.0529283042,0.0151339320,0.0196844317,0.0433771922,0.0501220262,0.0205493126,0.0345237708,0.0415165939,0.0549831003,0.0379376929,0.0642478716,0.0371894760,0.0771639943,0.0626593114,0.0299677519,0.0280385266,0.0369888668,0.0361000690,0.0330136709,0.0700749034,0.0683598275,0.0335061447,0.0337615237,0.0362432370,0.0698212868,0.0433743025,0.0486707062,0.0536006298,0.0366503523,0.0253143100,0.0705607114,0.0449298460,0.0326475384,0.0272740383,0.0437870074,0.0569988133,0.0484232466,0.0561286867,0.0606002213,0.0320839168,0.0238908083,0.0264955695,0.0424782121,0.0535053916,0.0656913640,0.0424984943,0.0343992414,0.0539686589,0.0753968145,0.0534900069,0.0464555206,0.0509199621,0.0276041145,0.0581713928,0.0592634932,0.0287521434,0.0271112902,0.0476856724,0.0536910000,0.0329524506,0.0347324786,0.0572898244,0.0246340884,0.0615493555,0.0575577649,0.0382416105,0.0531774497,0.0444776218,0.0472330775,0.0207261024,0.0231476363,0.0329058822,0.0313602753,0.0642665223,0.0296709425,0.0471244351,0.0356436408,0.0421589314,0.0384692488,0.0504179115,0.0325566646,0.0491716646,0.0620309391,0.0373598060,0.0238341637,0.0366153365,0.0335796586,0.0578199462
ACAO_BBAS3,0.0508894307,0.0290118931,0.0171816622,0.0351946950,0.0519106560,0.0654919725,0.0576527549,0.0615083316,0.1174576452,0.0699347524,0.0729006695,0.0233091528,0.0448071530,0.0386681936,0.0681218645,0.0142002588,0.0194116580,0.0505344667,0.0563771379,0.0178387901,0.0322903483,0.0409045767,0.0497923579,0.0356351349,0.0671622201,0.0320160415,0.0649785621,0.0525406189,0.0296503820,0.0273295082,0.0282296260,0.0310820087,0.0315548784,0.0598695615,0.0568351839,0.0329872263,0.0330999365,0.0303767708,0.0618293773,0.0466721223,0.0513566410,0.0556860472,0.0329075580,0.0226729829,0.0590613693,0.0383581030,0.0305764621,0.0256457115,0.0503015517,0.0674300009,0.0598749858,0.0695149073,0.0550339674,0.0262575301,0.0203349509,0.0269148629,0.0403060852,0.0469583384,0.0567559256,0.0387971691,0.0299537389,0.0509484780,0.0610592712,0.0471163001,0.0468370017,0.0439321560,0.0230872778,0.0709387799,0.0733611159,0.0259128810,0.0254587959,0.0459956000,0.0484407890,0.0333007818,0.0276595936,0.0573642459,0.0217181082,0.0528412905,0.0462171237,0.0306472713,0.0645389909,0.0541059252,0.0460449090,0.0217981705,0.0193259212,0.0269229391,0.0274085467,0.0556591700,0.0256755344,0.0459277635,0.0357662208,0.0295056496,0.0353505806,0.0395447768,0.0268976930,0.0484332411,0.0655440311,0.0403672270,0.0256884821,0.0345653879,0.0263493954,0.0522039578
ACAO_BBDC3,0.0442780782,0.0301858770,0.0126724675,0.0351708213,0.0430360299,0.0565718813,0.0489863584,0.0587260867,0.0699347524,0.0865025263,0.0812961615,0.0199524844,0.0399983074,0.0400478002,0.0563514545,0.0129225503,0.0169209284,0.0419722673,0.0470516599,0.0133419929,0.0300198167,0.0364091947,0.0467646939,0.0305778685,0.0607326365,0.0287373533,0.0582223590,0.0488377164,0.0275903198,0.0299168960,0.0262485558,0.0292937723,0.0270092519,0.0533332842,0.0505957169,0.0286038508,0.0273700278,0.0277229480,0.0535395364,0.0419490252,0.0469751984,0.0493138530,0.0305587367,0.0197333556,0.0543673491,0.0359643276,0.0255663726,0.0232302534,0.0468945464,0.0648020526,0.0584103280,0.0678970052,0.0468202006,0.0223392315,0.0190538433,0.0211502844,0.0348359626,0.0434085120,0.0540956332,0.0316809886,0.0276146806,0.0454356448,0.0558858702,0.0450198673,0.0401804728,0.0393021395,0.0214465861,0.0590747681,0.0588281812,0.0249289375,0.0225233400,0.0429506570,0.0402603344,0.0306270824,0.0277495326,0.0498137538,0.0210937451,0.0504551266,0.0445102909,0.0275851096,0.0628991545,0.0520407117,0.0406665363,0.0185942041,0.0150472729,0.0243414830,0.0233187506,0.0493942678,0.0240148733,0.0401991034,0.0323487854,0.0279766325,0.0319262120,0.0366056012,0.0259878619,0.0445786817,0.0566077857,0.0360574504,0.0227648142,0.0313671974,0.0269372332,0.0490988957
ACAO_BBDC4,0.0473753335,0.0302204157,0.0130130371,0.0367693747,0.0446372045,0.0566397048,0.0492282000,0.0597641419,0.0729006695,0.0812961615,0.0893448437,0.0209416270,0.0421516556,0.0400914211,0.0592624106,0.0132453349,0.0177402849,0.0419231791,0.0471191142,0.0142133999,0.0301781382,0.0367615230,0.0478656592,0.0306052359,0.0623525326,0.0298861088,0.0603594003,0.0495096191,0.0271183828,0.0314371186,0.0269976407,0.0290620066,0.0281968685,0.0555887227,0.0523051115,0.0292865713,0.0300371358,0.0278138543,0.0561657006,0.0438753919,0.0489930588,0.0515620208,0.0307797078,0.0193214525,0.0553521053,0.0357255676,0.0248736419,0.0231262921,0.0487024360,0.0675952213,0.0614448011,0.0722443636,0.0498079627,0.0235401784,0.0192463412,0.0219835791,0.0350802184,0.0452388563,0.0549560138,0.0331192718,0.0273841176,0.0454104335,0.0577134135,0.0450968215,0.0418075491,0.0393181238,0.0216264085,0.0619521701,0.0615593435,0.0249623041,0.0238410621,0.0430071328,0.0442814253,0.0314353072,0.0275321462,0.0513819052,0.0209871078,0.0507066563,0.0457260764,0.0290320027,0.0656860238,0.0549639399,0.0417121276,0.0180114119,0.0158798473,0.0256317516,0.0239409871,0.0512928685,0.0256448205,0.0417906237,0.0337968719,0.0275591638,0.0315866393,0.0378777713,0.0269583236,0.0455187933,0.0577126465,0.0383201338,0.0233800164,0.0316190800,0.0258900732,0.0505792812
ACAO_BEEF3,0.0209506573,0.0169609117,0.0148528993,0.0230141812,0.0252190189,0.0250887489,0.0231188514,0.0277680443,0.0233091528,0.0199524844,0.0209416270,0.1354270106,0.0281702556,0.0294956975,0.0256695762,0.0049568579,0.0095723602,0.0190597537,0.0223403943,0.0095414995,0.0150288205,0.0183640519,0.0281258570,0.0170964155,0.0387334994,0.0197840106,0.0290217387,0.0295767998,0.0119423072,0.0215303911,0.0210220495,0.0151546384,0.0176193995,0.0282571057,0.0296250674,0.0225629670,0.0200062031,0.0182986682,0.0313541816,0.0271142002,0.0303900857,0.0320247798,0.0171676765,0.0139838684,0.0308626998,0.0242386729,0.0216966440,0.0134009312,0.0156371106,0.0201723496,0.0176354056,0.0192557768,0.0339406327,0.0223689564,0.0221564577,0.0184119267,0.0194464282,0.0208053441,0.0283401403,0.0664367417,0.0199834565,0.0246962531,0.0333005833,0.0200603057,0.0251776480,0.0264706673,0.0161343840,0.0264068479,0.0265122509,0.0130778113,0.0187247297,0.0201166159,0.0312192006,0.0124221867,0.0170593719,0.0266710543,0.0133889044,0.0283308994,0.0291633078,0.0170225684,0.0213605492,0.0160281360,0.0210147703,0.0084123130,0.0192829290,0.0265585939,0.0223787929,0.0313951478,0.0166971716,0.0191059331,0.0172552146,0.0220101155,0.0200838915,0.0245241704,0.0197505361,0.0302093774,0.0369792504,0.0254252258,0.0126312544,0.0182423726,0.0191100872,0.0271662348
ACAO_BRAP4,0.0307824063,0.0204667175,0.0138058052,0.0235360738,0.0292375540,0.0411251567,0.0339196247,0.0424363838,0.0448071530,0.0399983074,0.0421516556,0.0281702556,0.1326189196,0.0447666072,0.0384355588,0.0118323428,0.0173585788,0.0342838100,0.0359235095,0.0122244233,0.0210563823,0.0289423010,0.0405262342,0.0237844287,0.1162287966,0.0266016425,0.0394994736,0.0419293673,0.0176552048,0.0284650277,0.0250836308,0.0178846271,0.0273512934,0.0355773929,0.0322425268,0.0466445797,0.0293000965,0.0182317639,0.0496139498,0.0771349686,0.0878539237,0.0913995153,0.0199707035,0.0187155740,0.0373656510,0.0258246222,0.0312676067,0.0174516979,0.0287111754,0.0379866678,0.0329441018,0.0391850749,0.0394381731,0.0254560640,0.0284031309,0.0242611165,0.0307579310,0.0293738689,0.0356639956,0.0362554817,0.0188808540,0.0304513728,0.0398411996,0.0274275837,0.0319789994,0.0342279304,0.0165143941,0.0637069804,0.0609838587,0.0228454898,0.0199455783,0.0274717873,0.0310442100,0.0183490398,0.0171353666,0.0370049810,0.0190304204,0.0331224583,0.0290636533,0.0255277695,0.0403435575,0.0334329655,0.0299695182,0.0212147473,0.0249812914,0.0234953257,0.0259620990,0.0360358942,0.0256438485,0.0295570256,0.0289957742,0.0224040667,0.0251272651,0.0240173739,0.0291413873,0.0683195552,0.0950706403,0.1163458370,0.0182972282,0.0235908433,0.0232549960,0.0329451506
ACAO_BRKM5,0.0296221804,0.0228583733,0.0149523676,0.0310093378,0.0354717551,0.0407155566,0.0361524432,0.0427349088,0.0386681936,0.0400478002,0.0400914211,0.0294956975,0.0447666072,0.1653693016,0.0353418773,0.0101193573,0.0143781767,0.0289300103,0.0321767371,0.0123351652,0.0235954636,0.0266298399,0.0470424533,0.0227412553,0.0687998262,0.0248088852,0.0460045419,0.0455642915,0.0194651000,0.0311577072,0.0256984488,0.0227950514,0.0303615798,0.0419566674,0.0396338995,0.0361836460,0.0260004949,0.0233208279,0.0568115406,0.0503565321,0.0558750351,0.0556028116,0.0244050930,0.0223675822,0.0469756735,0.0327469562,0.0315531332,0.0184369983,0.0263836516,0.0366411087,0.0320984721,0.0361258508,0.0417105634,0.0257336681,0.0323492025,0.0272939890,0.0274459020,0.0358037869,0.0448865828,0.0369022491,0.0206759912,0.0324465546,0.0504348116,0.0306362086,0.0394585989,0.0307258179,0.0203000139,0.0506896120,0.0479997378,0.0253503584,0.0235719813,0.0355221797,0.0424360749,0.0205751261,0.0196308025,0.0391498952,0.0205310048,0.0416600137,0.0369327082,0.0246416315,0.0394092278,0.0359557951,0.0311718511,0.0163487408,0.0234851272,0.0303468544,0.0327986233,0.0402849349,0.0243704969,0.0254604177,0.0280240801,0.0261395828,0.0282467984,0.0307181047,0.0359277604,0.0547641685,0.0636306216,0.0436216638,0.0191171279,0.0275061576,0.0247537730,0.0413922012
ACAO_BRSR6,0.0485054894,0.0263746785,0.0145528103,0.0342023597,0.0522627662,0.0528226298,0.0473010998,0.0529283042,0.0681218645,0.0563514545,0.0592624106,0.0256695762,0.0384355588,0.0353418773,0.1342754495,0.0132396885,0.0202434486,0.0419379516,0.0471578908,0.0169491308,0.0279026479,0.0389108364,0.0424427872,0.0361179413,0.0547943958,0.0315423512,0.0587045594,0.0503234406,0.0257701552,0.0286154518,0.0283438317,0.0273469869,0.0290943037,0.0577142962,0.0545846588,0.0301475514,0.0337568082,0.0282978789,0.0587089499,0.0412428904,0.0441987233,0.0482313610,0.0343097292,0.0187232059,0.0588337818,0.0340893462,0.0274978239,0.0240217994,0.0412665320,0.0533438451,0.0477109148,0.0550899069,0.0506302462,0.0252892081,0.0181570928,0.0236402115,0.0400463579,0.0458817585,0.0527172074,0.0343638165,0.0287690945,0.0433407487,0.0568197921,0.0423667697,0.0451831388,0.0416190056,0.0240415675,0.0521163379,0.0534424542,0.0266046049,0.0225166457,0.0444578427,0.0443658804,0.0332080713,0.0273218363,0.0530466465,0.0232271505,0.0497820004,0.0455577153,0.0331113383,0.0529402289,0.0458141524,0.0398285383,0.0226157207,0.0199833391,0.0267974581,0.0264435759,0.0527745624,0.0239436275,0.0457504152,0.0331528229,0.0304342389,0.0383830339,0.0408577935,0.0266295109,0.0436812722,0.0541402925,0.0325016351,0.0238963090,0.0339632436,0.0234821577,0.0517548169
ACAO_CGAS5,0.0130844885,0.0074650506,0.0055105117,0.0117615887,0.0153132853,0.0168638576,0.0139987982,0.0151339320,0.0142002588,0.0129225503,0.0132453349,0.0049568579,0.0118323428,0.0101193573,0.0132396885,0.0584169685,0.0067777897,0.0137205623,0.0134649790,0.0062283400,0.0085053568,0.0135479632,0.0127138116,0.0108678369,0.0146639351,0.0125051572,0.0150001324,0.0145854016,0.0083840751,0.0101161250,0.0112382870,0.0106243104,0.0104547500,0.0161338190,0.0146797061,0.0110685782,0.0088812375,0.0094880277,0.0165765351,0.0111881346,0.0122684380,0.0133242601,0.0114721649,0.0083573689,0.0186640714,0.0104242059,0.0106866490,0.0063426077,0.0080737858,0.0132891887,0.0108946292,0.0127251020,0.0155905180,0.0077256186,0.0065404200,0.0065496602,0.0129001011,0.0156507444,0.0152702278,0.0070186490,0.0083339030,0.0133715281,0.0132185411,0.0126924232,0.0131531205,0.0139201166,0.0078079358,0.0143237312,0.0151980132,0.0072760287,0.0105048140,0.0136789691,0.0163802522,0.0075504751,0.0070229259,0.0155448419,0.0104738396,0.0138750923,0.0159888183,0.0105650717,0.0127493471,0.0128885190,0.0120044954,0.0036196816,0.0072843864,0.0096666395,0.0102878804,0.0141154848,0.0058353460,0.0137243671,0.0081292406,0.0111773324,0.0131515713,0.0105178579,0.0105560549,0.0111401185,0.0151428506,0.0100488613,0.0072759566,0.0130138181,0.0077013054,0.0120528526
ACAO_CLSC4,0.0156744371,0.0086690765,0.0073167571,0.0145923643,0.0193683819,0.0229635151,0.0188969801,0.0196844317,0.0194116580,0.0169209284,0.0177402849,0.0095723602,0.0173585788,0.0143781767,0.0202434486,0.0067777897,0.0830778013,0.0167746455,0.0188399909,0.0086251176,0.0102892884,0.0143270298,0.0154041034,0.0130562348,0.0237215920,0.0116583680,0.0217445025,0.0169021918,0.0097068221,0.0120295322,0.0117407404,0.0107490265,0.0172992215,0.0229195513,0.0214543197,0.0135896916,0.0170895344,0.0119333540,0.0187563049,0.0181998228,0.0195016899,0.0234106403,0.0122755616,0.0134467212,0.0246748296,0.0109029772,0.0112932110,0.0091495239,0.0118131960,0.0166430954,0.0136372809,0.0156524673,0.0208827176,0.0114848278,0.0059618004,0.0153444151,0.0168440497,0.0183191415,0.0188216937,0.0132343773,0.0106227602,0.0167714729,0.0192231863,0.0148528310,0.0155210674,0.0137113500,0.0089457649,0.0211471695,0.0210415618,0.0157903579,0.0104879038,0.0163256177,0.0203750585,0.0114309171,0.0112821874,0.0191368431,0.0123409368,0.0163924913,0.0204102554,0.0128442174,0.0161720633,0.0139918028,0.0158723793,0.0106645853,0.0090020702,0.0130831450,0.0152986171,0.0217753522,0.0120150703,0.0147957132,0.0109947124,0.0129330264,0.0141374421,0.0148193965,0.0107795132,0.0203420355,0.0276061583,0.0145400931,0.0094542569,0.0143141871,0.0098746579,0.0183045659
ACAO_CMIG3,0.0347095201,0.0226685827,0.0124624099,0.0298855661,0.0415026790,0.0648749027,0.0564006594,0.0433771922,0.0505344667,0.0419722673,0.0419231791,0.0190597537,0.0342838100,0.0289300103,0.0419379516,0.0137205623,0.0167746455,0.1187281166,0.0955461172,0.0181599178,0.0373371906,0.0494364860,0.0367670644,0.0432235706,0.0513331945,0.0278877227,0.0494666113,0.0438465639,0.0306791629,0.0240287698,0.0282030947,0.0331140694,0.0255346961,0.0468786062,0.0476212823,0.0252524702,0.0319548421,0.0251420884,0.0461116436,0.0352593362,0.0403757991,0.0444407507,0.0263121553,0.0165145973,0.0508682097,0.0297757626,0.0183703571,0.0279571941,0.0288874493,0.0391445005,0.0340584008,0.0386570648,0.0436908601,0.0201800763,0.0159716102,0.0200688357,0.0343759554,0.0409075559,0.0434997517,0.0281083133,0.0246187098,0.0402859525,0.0437752290,0.0360637325,0.0338007336,0.0371080257,0.0212078860,0.0440136108,0.0448965107,0.0266126122,0.0201949381,0.0379395203,0.0399583658,0.0246270591,0.0210191666,0.0455188449,0.0214384047,0.0396801147,0.0392486461,0.0326616568,0.0377131627,0.0309505092,0.0465406219,0.0194511930,0.0175913915,0.0238597908,0.0227696778,0.0442263760,0.0204661141,0.0385275965,0.0288710217,0.0259450360,0.0340146474,0.0364107250,0.0233841321,0.0348014656,0.0492413712,0.0296847001,0.0214270205,0.0324317324,0.0234692065,0.0412915200
ACAO_CMIG4,0.0378974488,0.0250598581,0.0129330773,0.0325973097,0.0438258947,0.0697041249,0.0616441837,0.0501220262,0.0563771379,0.0470516599,0.0471191142,0.0223403943,0.0359235095,0.0321767371,0.0471578908,0.0134649790,0.0188399909,0.0955461172,0.1156519854,0.0189212070,0.0405384892,0.0537358396,0.0420157077,0.0462480397,0.0557078504,0.0307968985,0.0549137008,0.0471503737,0.0348748389,0.0263154142,0.0304190146,0.0360360297,0.0262786802,0.0503083762,0.0505467079,0.0264621484,0.0317948123,0.0294066200,0.0497361265,0.0382738597,0.0432721560,0.0489641618,0.0298117811,0.0190755753,0.0558474993,0.0339014107,0.0210595262,0.0303336563,0.0321727564,0.0447138627,0.0387717890,0.0439304887,0.0480667263,0.0234062481,0.0185691430,0.0216806071,0.0375495958,0.0426953700,0.0486910102,0.0326321195,0.0255616251,0.0455235255,0.0491811348,0.0412436906,0.0364881408,0.0405828036,0.0233109273,0.0509495058,0.0520078664,0.0274955644,0.0212043084,0.0402775698,0.0429100770,0.0263463727,0.0252970501,0.0497796557,0.0203589475,0.0451686621,0.0420457347,0.0326200829,0.0441707473,0.0355351184,0.0496916491,0.0205321573,0.0181138539,0.0269724866,0.0250328418,0.0479634701,0.0228082492,0.0404134485,0.0326390614,0.0287981061,0.0332365618,0.0369923826,0.0266539052,0.0381512060,0.0546072687,0.0309634203,0.0240518741,0.0329406228,0.0255973854,0.0476806972
ACAO_COCE5,0.0143671181,0.0077865218,0.0074176994,0.0126290579,0.0190149210,0.0230679900,0.0198972874,0.0205493126,0.0178387901,0.0133419929,0.0142133999,0.0095414995,0.0122244233,0.0123351652,0.0169491308,0.0062283400,0.0086251176,0.0181599178,0.0189212070,0.0647797678,0.0132346073,0.0156180639,0.0172206970,0.0142927385,0.0184442185,0.0128326157,0.0207285395,0.0198541333,0.0106997084,0.0073585935,0.0146809823,0.0125605825,0.0138461446,0.0205031537,0.0195473371,0.0130266715,0.0136260008,0.0117683472,0.0220380649,0.0109501489,0.0124197080,0.0152058812,0.0122806287,0.0087332893,0.0202986745,0.0122008806,0.0147609802,0.0090816644,0.0107493581,0.0145597794,0.0129510458,0.0138973151,0.0194215718,0.0091605484,0.0100598036,0.0091319217,0.0129760617,0.0167241263,0.0166494332,0.0131140248,0.0105469231,0.0161267841,0.0206827641,0.0134650518,0.0149082387,0.0160166569,0.0090335572,0.0182609874,0.0190880203,0.0144323025,0.0138823397,0.0169494850,0.0189433481,0.0107007734,0.0102728993,0.0182466666,0.0094281678,0.0175052039,0.0183642951,0.0119444609,0.0130799367,0.0112234891,0.0161396723,0.0090091029,0.0089149826,0.0098731346,0.0125892321,0.0183062159,0.0077455278,0.0172624853,0.0123893427,0.0133449003,0.0161338333,0.0155136209,0.0112670520,0.0134937923,0.0169016604,0.0105422633,0.0091293533,0.0133541907,0.0071884636,0.0172972283
ACAO_CPFE3,0.0220394154,0.0185882225,0.0087068301,0.0220654084,0.0288534710,0.0435189238,0.0383459923,0.0345237708,0.0322903483,0.0300198167,0.0301781382,0.0150288205,0.0210563823,0.0235954636,0.0279026479,0.0085053568,0.0102892884,0.0373371906,0.0405384892,0.0132346073,0.0611002004,0.0327873252,0.0283570949,0.0265781544,0.0320479693,0.0188675101,0.0379832944,0.0292771253,0.0256921401,0.0162003486,0.0205624927,0.0278347878,0.0173044703,0.0357845451,0.0358466530,0.0161704250,0.0161926938,0.0185807182,0.0344112679,0.0213931830,0.0237435319,0.0265628996,0.0207052406,0.0092681625,0.0338972626,0.0231159140,0.0131854992,0.0209731699,0.0220524344,0.0289448158,0.0246152661,0.0285677364,0.0296564265,0.0166940134,0.0133192233,0.0142192692,0.0214005709,0.0289109085,0.0349720218,0.0233717662,0.0183898774,0.0312225762,0.0365590906,0.0309242977,0.0239511177,0.0266075752,0.0158855210,0.0308305654,0.0310513933,0.0137960368,0.0152190826,0.0279276788,0.0252576160,0.0188972681,0.0187760677,0.0300140789,0.0112644164,0.0318843355,0.0312991980,0.0168199478,0.0252005416,0.0211209261,0.0321184235,0.0111643779,0.0137143296,0.0174038598,0.0149160741,0.0329482168,0.0151901901,0.0251367337,0.0224220884,0.0225971942,0.0201713155,0.0243258707,0.0157373138,0.0248349584,0.0286575809,0.0186554016,0.0177461462,0.0225666309,0.0150946470,0.0310342468
ACAO_CPLE3,0.0305205754,0.0199698905,0.0106834328,0.0279591701,0.0342302384,0.0552131850,0.0493875983,0.0415165939,0.0409045767,0.0364091947,0.0367615230,0.0183640519,0.0289423010,0.0266298399,0.0389108364,0.0135479632,0.0143270298,0.0494364860,0.0537358396,0.0156180639,0.0327873252,0.0953163238,0.0356223325,0.0340006408,0.0416106147,0.0244472736,0.0465071672,0.0381257018,0.0274380312,0.0188404812,0.0249921820,0.0312696354,0.0223490141,0.0428016864,0.0421308511,0.0232592124,0.0225143238,0.0230012527,0.0424445774,0.0316548572,0.0339946783,0.0381430431,0.0255293192,0.0140112988,0.0476943018,0.0288602919,0.0221549074,0.0251398965,0.0289441892,0.0342399584,0.0296679430,0.0340823562,0.0404259227,0.0222252822,0.0166255319,0.0167660603,0.0300826351,0.0356792538,0.0410630900,0.0266493854,0.0235996163,0.0374704421,0.0437071461,0.0352589332,0.0311543805,0.0339883801,0.0176768599,0.0397624739,0.0406756917,0.0219694271,0.0160945105,0.0336622313,0.0309599433,0.0228022438,0.0234026389,0.0391221254,0.0166286089,0.0364008182,0.0368219862,0.0262839800,0.0341688429,0.0304365609,0.0396859133,0.0171899790,0.0152053490,0.0221420056,0.0195386343,0.0409008283,0.0195153127,0.0323438057,0.0291340164,0.0246578524,0.0265779811,0.0306905536,0.0212312747,0.0323289622,0.0420695269,0.0252586541,0.0229268873,0.0280024348,0.0208037015,0.0393307405
ACAO_CSAN3,0.0366046930,0.0264719433,0.0168782263,0.0401312604,0.0457777745,0.0499247159,0.0448828005,0.0549831003,0.0497923579,0.0467646939,0.0478656592,0.0281258570,0.0405262342,0.0470424533,0.0424427872,0.0127138116,0.0154041034,0.0367670644,0.0420157077,0.0172206970,0.0283570949,0.0356223325,0.1156870247,0.0318539684,0.0611173100,0.0330992222,0.0597973748,0.0515502331,0.0252727624,0.0271119764,0.0336930786,0.0312695487,0.0286693765,0.0545825741,0.0546859011,0.0343297081,0.0326483091,0.0310388211,0.0593456526,0.0423829088,0.0474024285,0.0501018691,0.0330172321,0.0285968176,0.0613768783,0.0358622794,0.0333311174,0.0229423610,0.0359207308,0.0459869139,0.0398501713,0.0446376880,0.0539601811,0.0280028547,0.0227412185,0.0262093690,0.0365449252,0.0458464695,0.0551426069,0.0399657067,0.0301946989,0.0470080952,0.0617869628,0.0441721782,0.0416606338,0.0445266076,0.0234270179,0.0554927904,0.0552014293,0.0271317149,0.0240697848,0.0404780366,0.0487567247,0.0244869909,0.0315313233,0.0482398591,0.0219280126,0.0541611588,0.0514551875,0.0329666038,0.0433317802,0.0382432120,0.0398112189,0.0181706721,0.0232146040,0.0422723444,0.0331266838,0.0540438573,0.0270739854,0.0412427619,0.0322413291,0.0353452137,0.0332004724,0.0404845091,0.0302335924,0.0448014632,0.0549947119,0.0358210781,0.0239395082,0.0336080939,0.0290732805,0.0523475541
ACAO_CSMG3,0.0284850270,0.0177118686,0.0114595154,0.0253305809,0.0352760495,0.0450299337,0.0400009276,0.0379376929,0.0356351349,0.0305778685,0.0306052359,0.0170964155,0.0237844287,0.0227412553,0.0361179413,0.0108678369,0.0130562348,0.0432235706,0.0462480397,0.0142927385,0.0265781544,0.0340006408,0.0318539684,0.1131912440,0.0373068575,0.0246370219,0.0427972473,0.0356616391,0.0243148570,0.0176699944,0.0223862698,0.0260425889,0.0205721976,0.0410278261,0.0417911822,0.0193857192,0.0233619217,0.0243671758,0.0400697078,0.0253736349,0.0272185883,0.0311294137,0.0253800833,0.0128633663,0.0427571891,0.0244107396,0.0237809000,0.0232024169,0.0232433890,0.0296282685,0.0258969074,0.0287609289,0.0373789891,0.0229476804,0.0117704264,0.0192638145,0.0357133732,0.0385358529,0.0367983374,0.0248020442,0.0224751710,0.0335314670,0.0421572320,0.0318983413,0.0299681816,0.0297768647,0.0172224566,0.0324096768,0.0333530149,0.0232056246,0.0190518649,0.0325009797,0.0316719265,0.0197097406,0.0221396963,0.0381753453,0.0178572624,0.0354251158,0.0385765167,0.0218070546,0.0300648838,0.0274084657,0.0530034471,0.0167199470,0.0160351921,0.0205641727,0.0193807064,0.0406357135,0.0202242334,0.0344151835,0.0242667399,0.0258355261,0.0222779179,0.0312768614,0.0194721430,0.0249678176,0.0336592464,0.0197708942,0.0141378119,0.0293019752,0.0191783890,0.0327484242
ACAO_CSNA3,0.0457942960,0.0297277544,0.0213441318,0.0390339374,0.0507460048,0.0680973133,0.0578229011,0.0642478716,0.0671622201,0.0607326365,0.0623525326,0.0387334994,0.1162287966,0.0687998262,0.0547943958,0.0146639351,0.0237215920,0.0513331945,0.0557078504,0.0184442185,0.0320479693,0.0416106147,0.0611173100,0.0373068575,0.2445974719,0.0412287209,0.0658536418,0.0654659510,0.0261520492,0.0404275669,0.0382007264,0.0282628418,0.0411911516,0.0609202894,0.0522239480,0.0615748253,0.0468171734,0.0284346991,0.0781663562,0.1112926525,0.1280217447,0.1304238727,0.0333252315,0.0330988206,0.0651845229,0.0390567742,0.0424156035,0.0234658589,0.0399967258,0.0560548014,0.0480680321,0.0574679961,0.0598284352,0.0356416163,0.0388633052,0.0311619111,0.0477885201,0.0482023569,0.0551808440,0.0521565738,0.0279981797,0.0478362920,0.0647443040,0.0426578633,0.0531598356,0.0540319998,0.0251273299,0.0845555380,0.0832641056,0.0391662864,0.0308030250,0.0474210915,0.0543447157,0.0280127173,0.0275270502,0.0617129861,0.0271115904,0.0576485828,0.0538565626,0.0464435847,0.0623121573,0.0505048884,0.0463861994,0.0269898412,0.0326006454,0.0339835728,0.0396754094,0.0610108483,0.0418370037,0.0485938698,0.0378995735,0.0330746448,0.0464581377,0.0439179970,0.0442661656,0.1234582490,0.1704160358,0.1124055303,0.0240472451,0.0348376621,0.0327399223,0.0509670167
ACAO_CSUD3,0.0267285114,0.0172750861,0.0146578608,0.0307264605,0.0486047880,0.0346620103,0.0311311282,0.0371894760,0.0320160415,0.0287373533,0.0298861088,0.0197840106,0.0266016425,0.0248088852,0.0315423512,0.0125051572,0.0116583680,0.0278877227,0.0307968985,0.0128326157,0.0188675101,0.0244472736,0.0330992222,0.0246370219,0.0412287209,0.1571258957,0.0443254639,0.0360973887,0.0179166505,0.0221943278,0.0211331526,0.0203259017,0.0262378578,0.0428966548,0.0407716385,0.0245321770,0.0291418922,0.0243345010,0.0485681202,0.0285993751,0.0326219696,0.0340953938,0.0265055258,0.0160749920,0.0514544738,0.0255872070,0.0344651798,0.0138938055,0.0247186458,0.0292139826,0.0262142147,0.0280626562,0.0436819472,0.0252872853,0.0143022383,0.0193391631,0.0299267270,0.0378432818,0.0365889231,0.0249710324,0.0200237281,0.0306980153,0.0419853672,0.0295457575,0.0334807433,0.0326969665,0.0169069843,0.0323585412,0.0333048347,0.0248822010,0.0239558651,0.0325062821,0.0467522913,0.0193464260,0.0167533574,0.0398461144,0.0209712258,0.0332403483,0.0384599495,0.0353197389,0.0265213106,0.0252872406,0.0275848892,0.0183781734,0.0205963531,0.0193329936,0.0250038130,0.0473455199,0.0169841628,0.0329720106,0.0239800853,0.0266451523,0.0319510127,0.0343563381,0.0222442492,0.0317553534,0.0396092576,0.0212833249,0.0158410271,0.0267830837,0.0199597973,0.0365854464
ACAO_CYRE3,0.0503705477,0.0321691043,0.0190956479,0.0586012728,0.0774843487,0.0686212139,0.0603793429,0.0771639943,0.0649785621,0.0582223590,0.0603594003,0.0290217387,0.0394994736,0.0460045419,0.0587045594,0.0150001324,0.0217445025,0.0494666113,0.0549137008,0.0207285395,0.0379832944,0.0465071672,0.0597973748,0.0427972473,0.0658536418,0.0443254639,0.1541833748,0.0746729908,0.0307131044,0.0360395484,0.0401757712,0.0405441154,0.0379943445,0.1050502888,0.1034720371,0.0364632152,0.0397348815,0.0409251689,0.1049101464,0.0467027441,0.0518698568,0.0577166371,0.0456298469,0.0303952901,0.1000970492,0.0534077260,0.0370897023,0.0285127211,0.0434285034,0.0581921794,0.0504084084,0.0576016580,0.0825127963,0.0342759515,0.0229682436,0.0383127699,0.0497771914,0.0702499568,0.0821864321,0.0419618715,0.0378893172,0.0600692578,0.1124975211,0.0640382140,0.0544347924,0.0604575384,0.0325032881,0.0554646295,0.0577722480,0.0388935781,0.0312965785,0.0606436836,0.0692673297,0.0341266642,0.0353589267,0.0722212729,0.0340568805,0.0726013349,0.0743893103,0.0490443080,0.0564063232,0.0496793953,0.0527877967,0.0241436396,0.0244664794,0.0346694983,0.0373567825,0.0890982013,0.0361809325,0.0590053097,0.0412019805,0.0457613751,0.0442063326,0.0737455201,0.0345062030,0.0551938224,0.0679975212,0.0339593682,0.0268919730,0.0450704231,0.0323104497,0.0729984019
ACAO_DXCO3,0.0425243105,0.0279512436,0.0174492812,0.0484078975,0.0590049731,0.0563957577,0.0491890591,0.0626593114,0.0525406189,0.0488377164,0.0495096191,0.0295767998,0.0419293673,0.0455642915,0.0503234406,0.0145854016,0.0169021918,0.0438465639,0.0471503737,0.0198541333,0.0292771253,0.0381257018,0.0515502331,0.0356616391,0.0654659510,0.0360973887,0.0746729908,0.1465065424,0.0270776175,0.0299703144,0.0360288489,0.0316031333,0.0374383198,0.0703917343,0.0688136887,0.0408123064,0.0367812474,0.0327377441,0.0738343533,0.0459868619,0.0532094425,0.0571093047,0.0393755897,0.0245505328,0.0733196064,0.0428535054,0.0338204939,0.0250162732,0.0371023519,0.0479856329,0.0409886189,0.0469450591,0.0597566567,0.0299791504,0.0270204753,0.0302697512,0.0441112305,0.0527153365,0.0653435810,0.0426333332,0.0331354325,0.0481101531,0.0736967293,0.0481130022,0.0493915233,0.0518733639,0.0297760170,0.0502553687,0.0517314276,0.0294512073,0.0294046147,0.0501032281,0.0580543265,0.0292258306,0.0277540556,0.0592842094,0.0277674081,0.0636118081,0.0619759709,0.0417592646,0.0464915170,0.0431071570,0.0431895712,0.0230599377,0.0218660490,0.0350567264,0.0351771539,0.0660580381,0.0255565698,0.0495514663,0.0350611373,0.0390409246,0.0404034865,0.0566574524,0.0350229253,0.0538120054,0.0670703065,0.0372743298,0.0238584525,0.0386924293,0.0320881462,0.0604061350
ACAO_EGIE3,0.0192751821,0.0160011998,0.0067151550,0.0175497652,0.0224742630,0.0369811381,0.0326015209,0.0299677519,0.0296503820,0.0275903198,0.0271183828,0.0119423072,0.0176552048,0.0194651000,0.0257701552,0.0083840751,0.0097068221,0.0306791629,0.0348748389,0.0106997084,0.0256921401,0.0274380312,0.0252727624,0.0243148570,0.0261520492,0.0179166505,0.0307131044,0.0270776175,0.0500200193,0.0114406172,0.0181848895,0.0241519834,0.0146736545,0.0279170107,0.0286778450,0.0126065273,0.0124983245,0.0161868825,0.0268977402,0.0173206378,0.0198099541,0.0224251253,0.0187107908,0.0087094191,0.0302112112,0.0207860385,0.0112439581,0.0197143567,0.0204142393,0.0262485612,0.0216664355,0.0256003807,0.0253939374,0.0135403553,0.0107841278,0.0113024875,0.0196634847,0.0231874297,0.0285580459,0.0181183530,0.0145861267,0.0291776798,0.0290661495,0.0260286811,0.0204173904,0.0233410920,0.0164321637,0.0246629594,0.0252526841,0.0146537253,0.0127045801,0.0220348953,0.0207148609,0.0159304299,0.0180947948,0.0267625126,0.0096839075,0.0271025374,0.0243128361,0.0148787711,0.0248137925,0.0228959803,0.0280724128,0.0096282462,0.0113541680,0.0152865989,0.0122411301,0.0255010716,0.0093781247,0.0210708350,0.0205646790,0.0200888110,0.0176300612,0.0202575505,0.0145572260,0.0171495279,0.0234601625,0.0148437501,0.0156853309,0.0193869049,0.0154812019,0.0269792128
