,ACAO_ABCB4,ACAO_ABEV3,ACAO_AGRO3,ACAO_ALPA4,ACAO_AMAR3,ACAO_AXIA3,ACAO_AXIA6,ACAO_B3SA3,ACAO_BBAS3,ACAO_BBDC3,ACAO_BBDC4,ACAO_BEEF3,ACAO_BRAP4,ACAO_BRKM5,ACAO_BRSR6,ACAO_CGAS5,ACAO_CLSC4,ACAO_CMIG3,ACAO_CMIG4,ACAO_COCE5,ACAO_CPFE3,ACAO_CPLE3,ACAO_CSAN3,ACAO_CSMG3,ACAO_CSNA3,ACAO_CSUD3,ACAO_CYRE3,ACAO_DXCO3,ACAO_EGIE3,ACAO_EMBJ3,ACAO_ENEV3,ACAO_EQTL3,ACAO_EUCA4,ACAO_EVEN3,ACAO_EZTC3,ACAO_FESA4,ACAO_FHER3,ACAO_FLRY3,ACAO_GFSA3,ACAO_GGBR3,ACAO_GGBR4,ACAO_GOAU4,ACAO_GRND3,ACAO_HAGA4,ACAO_HBOR3,ACAO_HYPE3,ACAO_INEP4,ACAO_ISAE4,ACAO_ITSA3,ACAO_ITSA4,ACAO_ITUB3,ACAO_ITUB4,ACAO_JHSF3,ACAO_KEPL3,ACAO_KLBN4,ACAO_LAND3,ACAO_LOGN3,ACAO_LPSB3,ACAO_LREN3,ACAO_MBRF3,ACAO_MDIA3,ACAO_MOTV3,ACAO_MRVE3,ACAO_MULT3,ACAO_MYPK3,ACAO_NATU3,ACAO_ODPV3,ACAO_PETR3,ACAO_PETR4,ACAO_PFRM3,ACAO_PINE4,ACAO_POMO4,ACAO_POSI3,ACAO_PSSA3,ACAO_RADL3,ACAO_RAPT4,ACAO_RDNI3,ACAO_RENT3,ACAO_RIAA3,ACAO_ROMI3,ACAO_SANB11,ACAO_SANB4,ACAO_SBSP3,ACAO_SCAR3,ACAO_SLCE3,ACAO_SMTO3,ACAO_TASA4,ACAO_TCSA3,ACAO_TELB4,ACAO_TGMA3,ACAO_TIMS3,ACAO_TOTS3,ACAO_TPIS3,ACAO_TRIS3,ACAO_UNIP6,ACAO_USIM3,ACAO_USIM5,ACAO_VALE3,ACAO_VIVT3,ACAO_VLID3,ACAO_WEGE3,ACAO_YDUQ3
ACAO_ABCB4,0.0971512288,0.0195863633,0.0143119874,0.0302568389,0.0423501542,0.0439888028,0.0389499224,0.0444842957,0.0511715718,0.0445235646,0.0476379917,0.0210668119,0.0309530701,0.0297864116,0.0487744134,0.0131570315,0.0157613393,0.0349019565,0.0381075597,0.0144467722,0.0221616062,0.0306897875,0.0368076366,0.0286429536,0.0460481886,0.0268766996,0.0506498120,0.0427600736,0.0193820475,0.0218049719,0.0209334232,0.0237607165,0.0265460398,0.0503727044,0.0479838969,0.0271822590,0.0312646946,0.0236165064,0.0494525469,0.0323342757,0.0359425387,0.0399804282,0.0287895929,0.0197655300,0.0508961528,0.0284632813,0.0260435048,0.0188248019,0.0317343403,0.0432035074,0.0386911990,0.0441301694,0.0442846585,0.0223951772,0.0161445790,0.0194387058,0.0317808658,0.0409341680,0.0427406290,0.0309563116,0.0235325861,0.0346787638,0.0471867167,0.0347419106,0.0400612645,0.0335667664,0.0194753347,0.0413117304,0.0422924599,0.0253043660,0.0223493728,0.0377936293,0.0394395151,0.0217461983,0.0218019862,0.0440394138,0.0206364667,0.0404295510,0.0399869498,0.0264252823,0.0438736282,0.0333064480,0.0332007038,0.0160242786,0.0186026899,0.0249674270,0.0207050149,0.0454208669,0.0208593182,0.0380845002,0.0254692137,0.0276201392,0.0316320840,0.0360614627,0.0248372005,0.0346290960,0.0451690628,0.0267971500,0.0159949229,0.0289572457,0.0209063845,0.0396960460
ACAO_ABEV3,0.0195863633,0.0552743008,0.0080108615,0.0215519404,0.0277840406,0.0283961590,0.0248386402,0.0308729038,0.0291727408,0.0303532335,0.0303879636,0.0170549464,0.0205801890,0.0229851046,0.0265209050,0.0075064383,0.0087171395,0.0227942618,0.0251987949,0.0078296918,0.0186912792,0.0200806075,0.0266187090,0.0178100667,0.0298925709,0.0173708625,0.0323474562,0.0281062108,0.0160899136,0.0207662897,0.0177503835,0.0176154982,0.0146640725,0.0287933787,0.0299083918,0.0142465326,0.0145453756,0.0175414893,0.0291752646,0.0214487798,0.0247347152,0.0255617194,0.0201610461,0.0140400383,0.0317094605,0.0223898404,0.0138175939,0.0117765432,0.0201354421,0.0279615628,0.0253826861,0.0289168053,0.0294307735,0.0147025276,0.0139377275,0.0126259551,0.0211012127,0.0234962497,0.0316192080,0.0212771279,0.0208059114,0.0261175503,0.0318096584,0.0254580033,0.0238838645,0.0269132308,0.0133388737,0.0263549572,0.0265270402,0.0138875849,0.0135003405,0.0243262359,0.0253782372,0.0176344379,0.0214692149,0.0277755162,0.0114301651,0.0278946548,0.0282100816,0.0184283442,0.0289970601,0.0248751531,0.0243880055,0.0111190713,0.0114534922,0.0179425577,0.0161923467,0.0273281460,0.0147969517,0.0227643215,0.0214885753,0.0202917323,0.0184392911,0.0229890274,0.0155225083,0.0230378697,0.0276888468,0.0190257148,0.0166868097,0.0168801732,0.0193743762,0.0274955711
ACAO_AGRO3,0.0143119874,0.0080108615,0.0695417096,0.0135004380,0.0207450520,0.0156457146,0.0157676377,0.0162502147,0.0172769207,0.0127427261,0.0130851840,0.0149352467,0.0138823473,0.0150352665,0.0146334939,0.0055410631,0.0073573226,0.0125315040,0.0130047808,0.0074588246,0.0087551025,0.0107426638,0.0169718025,0.0115230492,0.0214624679,0.0147391269,0.0192015179,0.0175460235,0.0067523851,0.0094529167,0.0103704455,0.0106108245,0.0116382275,0.0207185297,0.0202336131,0.0178487508,0.0183908482,0.0128368119,0.0233153851,0.0147939617,0.0160456564,0.0172297599,0.0129251904,0.0137443964,0.0224906661,0.0132158002,0.0145874414,0.0071632034,0.0101247403,0.0126450930,0.0120227233,0.0123354629,0.0206827177,0.0147164209,0.0076495919,0.0160365255,0.0181360472,0.0191489324,0.0186326116,0.0187260035,0.0093506061,0.0141172589,0.0188062934,0.0147810428,0.0150582122,0.0131217079,0.0089723439,0.0156261486,0.0152449260,0.0134516622,0.0130276150,0.0144732539,0.0215194608,0.0090635666,0.0097907787,0.0176652451,0.0121237379,0.0159314216,0.0202862475,0.0158496726,0.0131215806,0.0133652147,0.0141227378,0.0076595174,0.0223284046,0.0159305292,0.0183516171,0.0213093638,0.0098846509,0.0180857113,0.0082160442,0.0129860078,0.0164653944,0.0209401992,0.0154056219,0.0195295798,0.0203132275,0.0126980766,0.0083001809,0.0130474055,0.0106691614,0.0186589076
ACAO_ALPA4,0.0302568389,0.0215519404,0.0135004380,0.1264965976,0.0560546779,0.0407545316,0.0357994293,0.0463416069,0.0353898214,0.0353658152,0.0369732314,0.0231417764,0.0236665624,0.0311812597,0.0343919844,0.0118267972,0.0146732673,0.0300512576,0.0327780357,0.0126990759,0.0221877434,0.0281141813,0.0403537560,0.0254710187,0.0392503492,0.0308968140,0.0589261698,0.0486762804,0.0176470645,0.0226385341,0.0338062245,0.0257127566,0.0246846485,0.0534293122,0.0577967789,0.0242170302,0.0269570780,0.0325094215,0.0539531071,0.0257243443,0.0292883030,0.0315664812,0.0385225857,0.0228143268,0.0581208847,0.0329106173,0.0290085947,0.0186906252,0.0273106701,0.0345042497,0.0292470819,0.0326622402,0.0465266929,0.0225582438,0.0165335462,0.0195644901,0.0325606041,0.0434922113,0.0567794733,0.0296774143,0.0271320677,0.0361597128,0.0587355791,0.0393673631,0.0346279126,0.0467129785,0.0235338350,0.0323251767,0.0336301581,0.0248666883,0.0233214172,0.0362485113,0.0441892419,0.0242649888,0.0274504578,0.0422901846,0.0216502778,0.0485513278,0.0579424437,0.0354155660,0.0336590281,0.0289943245,0.0326359494,0.0198986244,0.0176967625,0.0286627416,0.0277779645,0.0516235364,0.0227483790,0.0387206726,0.0242432257,0.0363197222,0.0309560141,0.0455289775,0.0237879861,0.0354431440,0.0390924522,0.0189416579,0.0195264045,0.0308875724,0.0245089568,0.0523036641
ACAO_AMAR3,0.0423501542,0.0277840406,0.0207450520,0.0560546779,0.2375209552,0.0529042046,0.0456784440,0.0568469128,0.0521984589,0.0432746302,0.0448846820,0.0253588381,0.0293996527,0.0356684175,0.0525525212,0.0153981851,0.0194757640,0.0417327780,0.0440688741,0.0191203435,0.0290134403,0.0344200176,0.0460315755,0.0354716269,0.0510273507,0.0488742625,0.0779139372,0.0593321083,0.0225988648,0.0329943426,0.0393508535,0.0325197639,0.0372683565,0.0780756723,0.0764381914,0.0338825109,0.0373787034,0.0332206138,0.0894513007,0.0366306896,0.0378586616,0.0396291507,0.0452455315,0.0329246071,0.0850355736,0.0429430160,0.0435112217,0.0217986638,0.0336648165,0.0417318787,0.0371008052,0.0406413656,0.0690849676,0.0308081330,0.0164240843,0.0281992957,0.0487433952,0.0700713722,0.0755081545,0.0338271151,0.0311111379,0.0467065695,0.0788106083,0.0523002680,0.0491092777,0.0559063348,0.0268879130,0.0399754553,0.0413055713,0.0367805789,0.0331491055,0.0514098967,0.0670942650,0.0323279914,0.0323933633,0.0597282214,0.0283650264,0.0601137568,0.0777133206,0.0503964030,0.0409289002,0.0374523236,0.0409517382,0.0240066938,0.0218463807,0.0263173733,0.0305222819,0.0815825620,0.0333979550,0.0549788011,0.0307188583,0.0413968668,0.0517880150,0.0676571226,0.0306199548,0.0475064138,0.0544141448,0.0264306259,0.0213661136,0.0471758760,0.0255678024,0.0739969405
ACAO_AXIA3,0.0439888028,0.0283961590,0.0156457146,0.0407545316,0.0529042046,0.1690653563,0.1379650030,0.0635402607,0.0658550729,0.0568855269,0.0569537265,0.0252278459,0.0413531627,0.0409412917,0.0531154888,0.0169573542,0.0230908294,0.0652345820,0.0700905783,0.0231958835,0.0437602013,0.0555192978,0.0502015084,0.0452795886,0.0684748583,0.0348541834,0.0690016634,0.0567084269,0.0371861688,0.0302691476,0.0374969991,0.0426981188,0.0321436001,0.0634368017,0.0617958181,0.0330217369,0.0366193914,0.0326814373,0.0644519967,0.0444956526,0.0487466777,0.0544546767,0.0365898325,0.0243625440,0.0657827790,0.0385427200,0.0302484366,0.0354418442,0.0398661446,0.0547379882,0.0456431884,0.0530344955,0.0571994289,0.0277431614,0.0217070112,0.0285989466,0.0444992800,0.0504002400,0.0604681475,0.0425334192,0.0320922345,0.0512928468,0.0659561293,0.0472182728,0.0446858504,0.0503822631,0.0267207744,0.0631976822,0.0649089675,0.0305501021,0.0270318526,0.0450846864,0.0506406320,0.0318856966,0.0296868874,0.0574523356,0.0271577664,0.0549999605,0.0525392540,0.0401299924,0.0518792191,0.0453069288,0.0581242795,0.0225931705,0.0186406901,0.0284946727,0.0276818028,0.0605111719,0.0267191526,0.0495750119,0.0356282088,0.0372484106,0.0391855014,0.0478208091,0.0288482673,0.0518954139,0.0680566508,0.0363625353,0.0267347958,0.0339886272,0.0281632707,0.0517641874
ACAO_AXIA6,0.0389499224,0.0248386402,0.0157676377,0.0357994293,0.0456784440,0.1379650030,0.1394319049,0.0553897526,0.0579723932,0.0492579485,0.0495011308,0.0232470269,0.0341076817,0.0363528795,0.0475633464,0.0140764103,0.0190017487,0.0567133557,0.0619859512,0.0200076019,0.0385585900,0.0496614129,0.0451316396,0.0402227006,0.0581434826,0.0313037253,0.0607140979,0.0494617729,0.0327822702,0.0275343775,0.0300295188,0.0374971026,0.0276956942,0.0545276923,0.0544638661,0.0293677493,0.0339374463,0.0283434718,0.0559844674,0.0370771091,0.0408133503,0.0453007755,0.0321123320,0.0205932467,0.0570089502,0.0336007727,0.0258175264,0.0310235082,0.0346279069,0.0478041244,0.0395688848,0.0464766597,0.0491153234,0.0241440660,0.0188835446,0.0249290117,0.0403043334,0.0428979703,0.0533999488,0.0369014006,0.0287064798,0.0448734879,0.0572893671,0.0410619898,0.0399817317,0.0449346642,0.0223843997,0.0525863735,0.0540220216,0.0275079199,0.0236636050,0.0391390756,0.0441446203,0.0267562769,0.0270654743,0.0507158240,0.0239951083,0.0481415858,0.0466639716,0.0363215737,0.0457383499,0.0399671710,0.0503290215,0.0203163848,0.0167509762,0.0239708946,0.0239731618,0.0512594862,0.0241003068,0.0433319889,0.0314042906,0.0330709870,0.0340572747,0.0400585728,0.0252992610,0.0416669242,0.0562376381,0.0291519137,0.0228763636,0.0305838415,0.0241783783,0.0465646751
ACAO_B3SA3,0.0444842957,0.0308729038,0.0162502147,0.0463416069,0.0568469128,0.0635402607,0.0553897526,0.1227963831,0.0618493459,0.0590516757,0.0600954861,0.0279219958,0.0426716595,0.0429718396,0.0532217491,0.0152178375,0.0197935661,0.0436176839,0.0503999126,0.0206632421,0.0347151774,0.0417467701,0.0552879375,0.0381480270,0.0646040745,0.0373956617,0.0775918067,0.0630067069,0.0301338991,0.0281939777,0.0371939403,0.0363002149,0.0331967052,0.0704634124,0.0687388279,0.0336919093,0.0339487042,0.0364441767,0.0702083897,0.0436147782,0.0489405462,0.0538978023,0.0368535491,0.0254546575,0.0709519139,0.0451789460,0.0328285428,0.0274252510,0.0440297712,0.0573148260,0.0486917147,0.0564398752,0.0609362009,0.0322617964,0.0240232637,0.0266424662,0.0427137197,0.0538020361,0.0660555699,0.0427341144,0.0345899576,0.0542678717,0.0758148293,0.0537865660,0.0467130791,0.0512022724,0.0277571571,0.0584939065,0.0595920617,0.0289115509,0.0272616006,0.0479500512,0.0539886735,0.0331351455,0.0349250423,0.0576074505,0.0247706646,0.0618905973,0.0578768765,0.0384536295,0.0534722760,0.0447242145,0.0474949470,0.0208410120,0.0232759713,0.0330883189,0.0315341429,0.0646228286,0.0298354440,0.0473857022,0.0358412562,0.0423926688,0.0386825299,0.0506974384,0.0327371652,0.0494442820,0.0623748509,0.0375669361,0.0239663050,0.0368183392,0.0337658308,0.0581405114
ACAO_BBAS3,0.0511715718,0.0291727408,0.0172769207,0.0353898214,0.0521984589,0.0658550729,0.0579723932,0.0618493459,0.1173500553,0.0703224845,0.0733048451,0.0234383833,0.0450555727,0.0388825777,0.0684995455,0.0142789878,0.0195192801,0.0508146397,0.0566897039,0.0179376919,0.0324693724,0.0411313598,0.0500684165,0.0358327031,0.0675345807,0.0321935447,0.0653388161,0.0528319144,0.0298147696,0.0274810284,0.0283861366,0.0312543335,0.0317298249,0.0602014901,0.0571502893,0.0331701140,0.0332834490,0.0305451856,0.0621721716,0.0469308818,0.0516413723,0.0559947816,0.0330900040,0.0227986863,0.0593888172,0.0385707679,0.0307459840,0.0257878964,0.0505804334,0.0678038461,0.0602069445,0.0699003117,0.0553390866,0.0264031071,0.0204476919,0.0270640842,0.0405295501,0.0472186846,0.0570705917,0.0390122683,0.0301198083,0.0512309464,0.0613977958,0.0473775222,0.0470966753,0.0441757245,0.0232152782,0.0713320785,0.0737678444,0.0260565471,0.0255999444,0.0462506087,0.0487093543,0.0334854079,0.0278129439,0.0576822846,0.0218385177,0.0531342531,0.0464733605,0.0308171858,0.0648968078,0.0544058991,0.0463001911,0.0219190239,0.0194330679,0.0270722052,0.0275605051,0.0559677554,0.0258178846,0.0461823961,0.0359645158,0.0296692347,0.0355465712,0.0397640208,0.0270468191,0.0487017645,0.0659074201,0.0405910308,0.0258309041,0.0347570253,0.0264954816,0.0524933868
ACAO_BBDC3,0.0445235646,0.0303532335,0.0127427261,0.0353658152,0.0432746302,0.0568855269,0.0492579485,0.0590516757,0.0703224845,0.0862233151,0.0817468834,0.0200631049,0.0402200659,0.0402698331,0.0566638781,0.0129941954,0.0170147414,0.0422049698,0.0473125236,0.0134159636,0.0301862525,0.0366110544,0.0470239666,0.0307473982,0.0610693502,0.0288966789,0.0585451552,0.0491084823,0.0277432860,0.0300827612,0.0263940829,0.0294561827,0.0271589966,0.0536289745,0.0508762295,0.0287624362,0.0275217726,0.0278766495,0.0538363702,0.0421815988,0.0472356382,0.0495872587,0.0307281604,0.0198427612,0.0546687724,0.0361637209,0.0257081176,0.0233590465,0.0471545390,0.0651613279,0.0587341663,0.0682734396,0.0470797810,0.0224630846,0.0191594816,0.0212675458,0.0350291000,0.0436491773,0.0543955501,0.0318566343,0.0277677818,0.0456875490,0.0561957125,0.0452694663,0.0404032413,0.0395200383,0.0215654902,0.0594022902,0.0591543362,0.0250671485,0.0226482138,0.0431887839,0.0404835456,0.0307968849,0.0279033815,0.0500899310,0.0212106930,0.0507348597,0.0447570647,0.0277380469,0.0632478798,0.0523292357,0.0408919996,0.0186972940,0.0151306980,0.0244764370,0.0234480343,0.0496681193,0.0241480165,0.0404219751,0.0325281334,0.0281317405,0.0321032172,0.0368085499,0.0261319437,0.0448258347,0.0569216305,0.0362573600,0.0228910268,0.0315411033,0.0270865785,0.0493711097
ACAO_BBDC4,0.0476379917,0.0303879636,0.0130851840,0.0369732314,0.0448846820,0.0569537265,0.0495011308,0.0600954861,0.0733048451,0.0817468834,0.0890813909,0.0210577315,0.0423853527,0.0403136959,0.0595909731,0.0133187696,0.0178386405,0.0421556095,0.0473803519,0.0142922018,0.0303454518,0.0369653362,0.0481310359,0.0307749174,0.0626982273,0.0300518032,0.0606940447,0.0497841102,0.0272687324,0.0316114122,0.0271473209,0.0292231321,0.0283531975,0.0558969175,0.0525951014,0.0294489418,0.0302036677,0.0279680598,0.0564770943,0.0441186457,0.0492646860,0.0518478908,0.0309503566,0.0194285744,0.0556589883,0.0359236372,0.0250115463,0.0232545088,0.0489724519,0.0679699825,0.0617854632,0.0726449006,0.0500841079,0.0236706898,0.0193530467,0.0221054604,0.0352747101,0.0454896695,0.0552607008,0.0333028916,0.0275359406,0.0456621979,0.0580333881,0.0453468472,0.0420393384,0.0395361112,0.0217463096,0.0622956452,0.0619006406,0.0251007000,0.0239732416,0.0432455728,0.0445269302,0.0316095908,0.0276847898,0.0516667766,0.0211034644,0.0509877840,0.0459795908,0.0291929619,0.0660502001,0.0552686708,0.0419433879,0.0181112708,0.0159678883,0.0257738590,0.0240737207,0.0515772463,0.0257870005,0.0420223192,0.0339842484,0.0277119572,0.0317617618,0.0380877732,0.0271077859,0.0457711585,0.0580326168,0.0385325882,0.0235096398,0.0317943824,0.0260336129,0.0508597027
ACAO_BEEF3,0.0210668119,0.0170549464,0.0149352467,0.0231417764,0.0253588381,0.0252278459,0.0232470269,0.0279219958,0.0234383833,0.0200631049,0.0210577315,0.1354190465,0.0283264371,0.0296592275,0.0258118934,0.0049843397,0.0096254312,0.0191654247,0.0224642538,0.0095943994,0.0151121433,0.0184658658,0.0282817923,0.0171912014,0.0389482456,0.0198936971,0.0291826409,0.0297407794,0.0120085177,0.0216497598,0.0211385999,0.0152386587,0.0177170849,0.0284137687,0.0297893146,0.0226880605,0.0201171214,0.0184001196,0.0315280153,0.0272645266,0.0305585743,0.0322023315,0.0172628575,0.0140613978,0.0310338087,0.0243730569,0.0218169345,0.0134752286,0.0157238058,0.0202841891,0.0177331798,0.0193625346,0.0341288062,0.0224929743,0.0222792975,0.0185140061,0.0195542430,0.0209206930,0.0284972636,0.0668050801,0.0200942487,0.0248331740,0.0334852083,0.0201715240,0.0253172379,0.0266174259,0.0162238362,0.0265532526,0.0266592401,0.0131503172,0.0188285433,0.0202281463,0.0313922860,0.0124910577,0.0171539525,0.0268189239,0.0134631352,0.0284879715,0.0293249949,0.0171169449,0.0214789763,0.0161169991,0.0211312804,0.0084589525,0.0193898374,0.0267058399,0.0225028653,0.0315692087,0.0167897440,0.0192118601,0.0173508809,0.0221321439,0.0201952405,0.0246601372,0.0198600370,0.0303768642,0.0371842706,0.0255661883,0.0127012846,0.0183435119,0.0192160372,0.0273168498
ACAO_BRAP4,0.0309530701,0.0205801890,0.0138823473,0.0236665624,0.0293996527,0.0413531627,0.0341076817,0.0426716595,0.0450555727,0.0402200659,0.0423853527,0.0283264371,0.1325953869,0.0450148021,0.0386486531,0.0118979437,0.0174548181,0.0344738862,0.0361226765,0.0122921979,0.0211731230,0.0291027628,0.0407509196,0.0239162943,0.1168731920,0.0267491272,0.0397184664,0.0421618320,0.0177530887,0.0286228434,0.0252226994,0.0179837830,0.0275029344,0.0357746410,0.0324212857,0.0469031865,0.0294625420,0.0183328444,0.0498890194,0.0775626200,0.0883410032,0.0919062522,0.0200814250,0.0188193368,0.0375728135,0.0259677990,0.0314409604,0.0175484536,0.0288703558,0.0381972734,0.0331267504,0.0394023247,0.0396568261,0.0255971974,0.0285606035,0.0243956249,0.0309284591,0.0295367234,0.0358617238,0.0364564892,0.0189855332,0.0306202012,0.0400620871,0.0275796477,0.0321562973,0.0344176968,0.0166059531,0.0640601844,0.0613219652,0.0229721497,0.0200561605,0.0276240963,0.0312163252,0.0184507705,0.0172303684,0.0372101439,0.0191359288,0.0333060957,0.0292247879,0.0256693005,0.0405672301,0.0336183244,0.0301356751,0.0213323660,0.0251197926,0.0236255884,0.0261060380,0.0362356843,0.0257860230,0.0297208956,0.0291565325,0.0225282792,0.0252665756,0.0241505309,0.0293029529,0.0686983323,0.0955977306,0.1169908812,0.0183986716,0.0237216356,0.0233839263,0.0331278050
ACAO_BRKM5,0.0297864116,0.0229851046,0.0150352665,0.0311812597,0.0356684175,0.0409412917,0.0363528795,0.0429718396,0.0388825777,0.0402698331,0.0403136959,0.0296592275,0.0450148021,0.1655273434,0.0355378196,0.0101754610,0.0144578922,0.0290904039,0.0323551312,0.0124035538,0.0237262815,0.0267774810,0.0473032660,0.0228673373,0.0691812660,0.0249464306,0.0462596002,0.0458169089,0.0195730184,0.0313304516,0.0258409261,0.0229214317,0.0305299104,0.0421892834,0.0398536377,0.0363842553,0.0261446468,0.0234501232,0.0571265150,0.0506357187,0.0561848173,0.0559110846,0.0245403996,0.0224915925,0.0472361159,0.0329285118,0.0317280700,0.0185392166,0.0265299278,0.0368442543,0.0322764323,0.0363261397,0.0419418150,0.0258763406,0.0325285528,0.0274453122,0.0275980675,0.0360022902,0.0451354429,0.0371068424,0.0207906230,0.0326264447,0.0507144322,0.0308060618,0.0396773652,0.0308961679,0.0204125612,0.0509706452,0.0482658578,0.0254909058,0.0237026690,0.0357191217,0.0426713488,0.0206891987,0.0197396395,0.0393669499,0.0206448327,0.0418909851,0.0371374704,0.0247782496,0.0396277203,0.0361551411,0.0313446740,0.0164393814,0.0236153333,0.0305151034,0.0329804654,0.0405082825,0.0245056118,0.0256015753,0.0281794511,0.0262845058,0.0284034042,0.0308884120,0.0361269510,0.0550677919,0.0639834024,0.0438635109,0.0192231170,0.0276586572,0.0248910128,0.0416216878
ACAO_BRSR6,0.0487744134,0.0265209050,0.0146334939,0.0343919844,0.0525525212,0.0531154888,0.0475633464,0.0532217491,0.0684995455,0.0566638781,0.0595909731,0.0258118934,0.0386486531,0.0355378196,0.1342611008,0.0133130920,0.0203556823,0.0421704639,0.0474193434,0.0170431001,0.0280573456,0.0391265658,0.0426780984,0.0363181862,0.0550981867,0.0317172283,0.0590300290,0.0506024437,0.0259130301,0.0287741015,0.0285009755,0.0274986040,0.0292556083,0.0580342757,0.0548872869,0.0303146954,0.0339439626,0.0284547679,0.0590344439,0.0414715491,0.0444437697,0.0484987651,0.0344999491,0.0188270110,0.0591599679,0.0342783443,0.0276502772,0.0241549810,0.0414953218,0.0536395939,0.0479754335,0.0553953362,0.0509109503,0.0254294164,0.0182577593,0.0237712775,0.0402683828,0.0461361360,0.0530094820,0.0345543363,0.0289285960,0.0435810383,0.0571348123,0.0426016594,0.0454336430,0.0418497495,0.0241748586,0.0524052812,0.0537387497,0.0267521061,0.0226414824,0.0447043257,0.0446118536,0.0333921834,0.0274733140,0.0533407476,0.0233559264,0.0500580016,0.0458102962,0.0332949141,0.0532337400,0.0460681551,0.0400493556,0.0227411067,0.0200941307,0.0269460285,0.0265901843,0.0530671550,0.0240763757,0.0460040645,0.0333366287,0.0306029723,0.0385958370,0.0410843172,0.0267771502,0.0439234498,0.0544404570,0.0326818306,0.0240287949,0.0341515425,0.0236123474,0.0520417558
ACAO_CGAS5,0.0131570315,0.0075064383,0.0055410631,0.0118267972,0.0153981851,0.0169573542,0.0140764103,0.0152178375,0.0142789878,0.0129941954,0.0133187696,0.0049843397,0.0118979437,0.0101754610,0.0133130920,0.0579820454,0.0068153671,0.0137966318,0.0135396314,0.0062628711,0.0085525122,0.0136230757,0.0127842995,0.0109280903,0.0147452349,0.0125744883,0.0150832961,0.0146662659,0.0084305580,0.0101722108,0.0113005943,0.0106832136,0.0105127132,0.0162232681,0.0147610933,0.0111299445,0.0089304769,0.0095406312,0.0166684387,0.0112501638,0.0123364566,0.0133981324,0.0115357689,0.0084037038,0.0187675487,0.0104819997,0.0107458979,0.0063777724,0.0081185485,0.0133628666,0.0109550312,0.0127956525,0.0156769549,0.0077684510,0.0065766814,0.0065859728,0.0129716218,0.0157375152,0.0153548890,0.0070575618,0.0083801078,0.0134456625,0.0132918273,0.0127627925,0.0132260439,0.0139972924,0.0078512245,0.0144031448,0.0152822740,0.0073163685,0.0105630548,0.0137548080,0.0164710675,0.0075923364,0.0070618624,0.0156310255,0.0105319086,0.0139520186,0.0160774635,0.0106236465,0.0128200320,0.0129599755,0.0120710507,0.0036397498,0.0073247725,0.0097202333,0.0103449185,0.0141937438,0.0058676983,0.0138004577,0.0081743107,0.0112393017,0.0132244862,0.0105761710,0.0106145798,0.0112018815,0.0152268055,0.0101045742,0.0073162959,0.0130859692,0.0077440029,0.0121196760
ACAO_CLSC4,0.0157613393,0.0087171395,0.0073573226,0.0146732673,0.0194757640,0.0230908294,0.0190017487,0.0197935661,0.0195192801,0.0170147414,0.0178386405,0.0096254312,0.0174548181,0.0144578922,0.0203556823,0.0068153671,0.0827796028,0.0168676475,0.0189444435,0.0086729370,0.0103463342,0.0144064617,0.0154895067,0.0131286212,0.0238531092,0.0117230043,0.0218650583,0.0169959009,0.0097606387,0.0120962263,0.0118058334,0.0108086212,0.0173951318,0.0230466218,0.0215732667,0.0136650355,0.0171842821,0.0119995149,0.0188602935,0.0183007262,0.0196098111,0.0235404335,0.0123436197,0.0135212725,0.0248116318,0.0109634254,0.0113558228,0.0092002507,0.0118786907,0.0167353680,0.0137128887,0.0157392477,0.0209984955,0.0115485020,0.0059948538,0.0154294876,0.0169374365,0.0184207064,0.0189260449,0.0133077513,0.0106816548,0.0168644573,0.0193297635,0.0149351780,0.0156071193,0.0137873685,0.0089953620,0.0212644136,0.0211582203,0.0158779028,0.0105460508,0.0164161301,0.0204880218,0.0114942924,0.0113447381,0.0192429416,0.0124093574,0.0164833745,0.0205234139,0.0129154282,0.0162617244,0.0140693761,0.0159603789,0.0107237119,0.0090519794,0.0131556805,0.0153834356,0.0218960790,0.0120816842,0.0148777435,0.0110556693,0.0130047296,0.0142158229,0.0149015581,0.0108392770,0.0204548158,0.0277592123,0.0146207063,0.0095066731,0.0143935478,0.0099294049,0.0184060501
ACAO_CMIG3,0.0349019565,0.0227942618,0.0125315040,0.0300512576,0.0417327780,0.0652345820,0.0567133557,0.0436176839,0.0508146397,0.0422049698,0.0421556095,0.0191654247,0.0344738862,0.0290904039,0.0421704639,0.0137966318,0.0168676475,0.1186275704,0.0960758438,0.0182606000,0.0375441954,0.0497105716,0.0369709082,0.0434632106,0.0516177959,0.0280423378,0.0497408640,0.0440896579,0.0308492543,0.0241619900,0.0283594583,0.0332976603,0.0256762655,0.0471385104,0.0478853040,0.0253924749,0.0321320061,0.0252814811,0.0463672956,0.0354548209,0.0405996505,0.0446871390,0.0264580351,0.0166061574,0.0511502331,0.0299408453,0.0184722060,0.0281121943,0.0290476071,0.0393615254,0.0342472273,0.0388713871,0.0439330908,0.0202919586,0.0160601600,0.0201801013,0.0345665424,0.0411343554,0.0437409229,0.0282641514,0.0247552008,0.0405093057,0.0440179275,0.0362636770,0.0339881315,0.0373137599,0.0213254667,0.0442576310,0.0451454258,0.0267601578,0.0203069028,0.0381498645,0.0401799029,0.0247635964,0.0211357010,0.0457712104,0.0215572634,0.0399001091,0.0394662483,0.0328427395,0.0379222520,0.0311221049,0.0467986523,0.0195590343,0.0176889217,0.0239920742,0.0228959174,0.0444715757,0.0205795823,0.0387412010,0.0290310883,0.0260888804,0.0342032313,0.0366125932,0.0235137783,0.0349944117,0.0495143751,0.0298492779,0.0215458162,0.0326115403,0.0235993244,0.0415204483
ACAO_CMIG4,0.0381075597,0.0251987949,0.0130047808,0.0327780357,0.0440688741,0.0700905783,0.0619859512,0.0503999126,0.0566897039,0.0473125236,0.0473803519,0.0224642538,0.0361226765,0.0323551312,0.0474193434,0.0135396314,0.0189444435,0.0960758438,0.1155343846,0.0190261099,0.0407632426,0.0540337617,0.0422486510,0.0465044479,0.0560167057,0.0309676426,0.0552181532,0.0474117846,0.0350681919,0.0264613120,0.0305876636,0.0362358206,0.0264243744,0.0505872958,0.0508269488,0.0266088598,0.0319710890,0.0295696561,0.0500118734,0.0384860575,0.0435120654,0.0492356288,0.0299770634,0.0191813340,0.0561571289,0.0340893668,0.0211762844,0.0305018321,0.0323511285,0.0449617651,0.0389867474,0.0441740480,0.0483332178,0.0235360169,0.0186720940,0.0218008087,0.0377577782,0.0429320816,0.0489609627,0.0328130384,0.0257033438,0.0457759169,0.0494538047,0.0414723538,0.0366904383,0.0408078027,0.0234401677,0.0512319799,0.0522962082,0.0276480052,0.0213218692,0.0405008766,0.0431479789,0.0264924421,0.0254373020,0.0500556439,0.0204718215,0.0454190861,0.0422788446,0.0328009351,0.0444156387,0.0357321321,0.0499671494,0.0206459916,0.0182142807,0.0271220274,0.0251716288,0.0482293891,0.0229347026,0.0406375086,0.0328200188,0.0289577685,0.0334208318,0.0371974757,0.0268016797,0.0383627238,0.0549100221,0.0311350876,0.0241852224,0.0331232521,0.0257393023,0.0479450484
ACAO_COCE5,0.0144467722,0.0078296918,0.0074588246,0.0126990759,0.0191203435,0.0231958835,0.0200076019,0.0206632421,0.0179376919,0.0134159636,0.0142922018,0.0095943994,0.0122921979,0.0124035538,0.0170431001,0.0062628711,0.0086729370,0.0182606000,0.0190261099,0.0643801214,0.0133079826,0.0157046535,0.0173161720,0.0143719802,0.0185464769,0.0129037623,0.0208434626,0.0199642086,0.0107590297,0.0073993910,0.0147623765,0.0126302209,0.0139229104,0.0206168272,0.0196557114,0.0130988939,0.0137015460,0.0118335932,0.0221602483,0.0110108586,0.0124885653,0.0152901857,0.0123487149,0.0087817084,0.0204112144,0.0122685247,0.0148428180,0.0091320149,0.0108089546,0.0146405017,0.0130228489,0.0139743645,0.0195292488,0.0092113363,0.0101155772,0.0091825508,0.0130480035,0.0168168481,0.0167417409,0.0131867315,0.0106053973,0.0162161942,0.0207974334,0.0135397047,0.0149908930,0.0161054565,0.0090836410,0.0183622299,0.0191938480,0.0145123180,0.0139593062,0.0170434563,0.0190483738,0.0107601006,0.0103298542,0.0183478297,0.0094804394,0.0176022562,0.0184661104,0.0120106834,0.0131524545,0.0112857144,0.0162291538,0.0090590512,0.0089644090,0.0099278732,0.0126590293,0.0184077092,0.0077884705,0.0173581919,0.0124580317,0.0134188871,0.0162232824,0.0155996315,0.0113295187,0.0135686046,0.0169953665,0.0106007117,0.0091799682,0.0134282290,0.0072283179,0.0173931276
ACAO_CPFE3,0.0221616062,0.0186912792,0.0087551025,0.0221877434,0.0290134403,0.0437602013,0.0385585900,0.0347151774,0.0324693724,0.0301862525,0.0303454518,0.0151121433,0.0211731230,0.0237262815,0.0280573456,0.0085525122,0.0103463342,0.0375441954,0.0407632426,0.0133079826,0.0606801538,0.0329691046,0.0285143122,0.0267255090,0.0322256496,0.0189721153,0.0381938813,0.0294394435,0.0258345824,0.0162901665,0.0206764952,0.0279891093,0.0174004096,0.0359829417,0.0360453939,0.0162600770,0.0162824693,0.0186837334,0.0346020507,0.0215117910,0.0238751707,0.0267101695,0.0208200345,0.0093195470,0.0340851957,0.0232440732,0.0132586022,0.0210894493,0.0221746975,0.0291052916,0.0247517380,0.0287261216,0.0298208476,0.0167865683,0.0133930677,0.0142981037,0.0215192199,0.0290711963,0.0351659136,0.0235013439,0.0184918345,0.0313956803,0.0367617814,0.0310957481,0.0240839074,0.0267550929,0.0159735935,0.0310014961,0.0312235483,0.0138725247,0.0153034602,0.0280825153,0.0253976492,0.0190020382,0.0188801659,0.0301804829,0.0113268685,0.0320611086,0.0314727269,0.0169132009,0.0253402583,0.0212380247,0.0322964944,0.0112262754,0.0137903645,0.0175003503,0.0149987717,0.0331308882,0.0152744075,0.0252760967,0.0225464009,0.0227224775,0.0202831492,0.0244607381,0.0158245646,0.0249726483,0.0288164642,0.0187588308,0.0178445344,0.0226917447,0.0151783347,0.0312063068
ACAO_CPLE3,0.0306897875,0.0200806075,0.0107426638,0.0281141813,0.0344200176,0.0555192978,0.0496614129,0.0417467701,0.0411313598,0.0366110544,0.0369653362,0.0184658658,0.0291027628,0.0267774810,0.0391265658,0.0136230757,0.0144064617,0.0497105716,0.0540337617,0.0157046535,0.0329691046,0.0950859781,0.0358198297,0.0341891470,0.0418413122,0.0245828141,0.0467650121,0.0383370782,0.0275901530,0.0189449366,0.0251307436,0.0314430005,0.0224729215,0.0430389874,0.0423644328,0.0233881661,0.0226391477,0.0231287762,0.0426798985,0.0318303579,0.0341831515,0.0383545157,0.0256708588,0.0140889802,0.0479587284,0.0290202991,0.0222777386,0.0252792771,0.0291046615,0.0344297915,0.0298324279,0.0342713155,0.0406500520,0.0223485036,0.0167177071,0.0168590147,0.0302494191,0.0358770667,0.0412907519,0.0267971349,0.0237304572,0.0376781856,0.0439494672,0.0354544157,0.0313271065,0.0341768184,0.0177748639,0.0399829249,0.0409012057,0.0220912299,0.0161837416,0.0338488613,0.0311315913,0.0229286639,0.0235323878,0.0393390262,0.0167208012,0.0366026315,0.0370261346,0.0264297036,0.0343582817,0.0306053072,0.0399059398,0.0172852836,0.0152896505,0.0222647652,0.0196469604,0.0411275906,0.0196235094,0.0325231261,0.0292955412,0.0247945604,0.0267253347,0.0308607080,0.0213489851,0.0325082004,0.0423027686,0.0253986930,0.0230539985,0.0281576858,0.0209190413,0.0395487979
ACAO_CSAN3,0.0368076366,0.0266187090,0.0169718025,0.0403537560,0.0460315755,0.0502015084,0.0451316396,0.0552879375,0.0500684165,0.0470239666,0.0481310359,0.0282817923,0.0407509196,0.0473032660,0.0426780984,0.0127842995,0.0154895067,0.0369709082,0.0422486510,0.0173161720,0.0285143122,0.0358198297,0.1155696182,0.0320305731,0.0614561564,0.0332827308,0.0601289032,0.0518360378,0.0254128796,0.0272622905,0.0338798796,0.0314429132,0.0288283252,0.0548851906,0.0549890905,0.0345200388,0.0328293177,0.0312109064,0.0596746766,0.0426178881,0.0476652369,0.0503796437,0.0332002862,0.0287553640,0.0617171638,0.0360611070,0.0335159117,0.0230695579,0.0361198824,0.0462418744,0.0400711085,0.0448851682,0.0542593470,0.0281581080,0.0228673003,0.0263546790,0.0367475375,0.0461006514,0.0554483284,0.0401872845,0.0303621043,0.0472687173,0.0621295219,0.0444170775,0.0418916086,0.0447734719,0.0235569019,0.0558004534,0.0555074770,0.0272821384,0.0242032324,0.0407024548,0.0490270416,0.0246227516,0.0317061392,0.0485073104,0.0220495858,0.0544614389,0.0517404652,0.0331493771,0.0435720201,0.0384552399,0.0400319402,0.0182714139,0.0233433104,0.0425067106,0.0333103447,0.0543434871,0.0272240889,0.0414714199,0.0324200814,0.0355411746,0.0333845423,0.0407089632,0.0304012134,0.0450498513,0.0552996135,0.0360196773,0.0240722335,0.0337944238,0.0292344685,0.0526377792
ACAO_CSMG3,0.0286429536,0.0178100667,0.0115230492,0.0254710187,0.0354716269,0.0452795886,0.0402227006,0.0381480270,0.0358327031,0.0307473982,0.0307749174,0.0171912014,0.0239162943,0.0228673373,0.0363181862,0.0109280903,0.0131286212,0.0434632106,0.0465044479,0.0143719802,0.0267255090,0.0341891470,0.0320305731,0.1130600004,0.0375136941,0.0247736144,0.0430345237,0.0358593542,0.0244496634,0.0177679603,0.0225103837,0.0261869741,0.0206862539,0.0412552925,0.0420228807,0.0194931975,0.0234914448,0.0245022722,0.0402918622,0.0255143113,0.0273694935,0.0313020013,0.0255207954,0.0129346833,0.0429942434,0.0245460775,0.0239127460,0.0233310557,0.0233722549,0.0297925334,0.0260404849,0.0289203852,0.0375862256,0.0230749068,0.0118356839,0.0193706168,0.0359113752,0.0387495032,0.0370023547,0.0249395516,0.0225997778,0.0337173721,0.0423909600,0.0320751920,0.0301343311,0.0299419535,0.0173179412,0.0325893624,0.0335379306,0.0233342812,0.0191574922,0.0326811715,0.0318475219,0.0198190153,0.0222624431,0.0383869970,0.0179562666,0.0356215197,0.0387903925,0.0219279572,0.0302315694,0.0275604237,0.0532973087,0.0168126457,0.0161240944,0.0206781845,0.0194881568,0.0408610059,0.0203363605,0.0346059881,0.0244012795,0.0259787634,0.0224014311,0.0314502665,0.0195801004,0.0251062441,0.0338458599,0.0198805079,0.0142161948,0.0294644311,0.0192847178,0.0329299880
ACAO_CSNA3,0.0460481886,0.0298925709,0.0214624679,0.0392503492,0.0510273507,0.0684748583,0.0581434826,0.0646040745,0.0675345807,0.0610693502,0.0626982273,0.0389482456,0.1168731920,0.0691812660,0.0550981867,0.0147452349,0.0238531092,0.0516177959,0.0560167057,0.0185464769,0.0322256496,0.0418413122,0.0614561564,0.0375136941,0.2451947703,0.0414573011,0.0662187474,0.0658289072,0.0262970414,0.0406517053,0.0384125188,0.0284195366,0.0414195234,0.0612580435,0.0525134879,0.0619162083,0.0470767370,0.0285923467,0.0785997259,0.1119096809,0.1287315225,0.1311469684,0.0335099931,0.0332823269,0.0655459187,0.0392733126,0.0426507640,0.0235959583,0.0402184756,0.0563655802,0.0483345307,0.0577866100,0.0601601358,0.0358392205,0.0390787710,0.0313346788,0.0480534691,0.0484696002,0.0554867774,0.0524457401,0.0281534072,0.0481015058,0.0651032592,0.0428943669,0.0534545642,0.0543315639,0.0252666407,0.0850243306,0.0837257382,0.0393834320,0.0309738031,0.0476840034,0.0546460136,0.0281680253,0.0276796656,0.0620551351,0.0272619024,0.0579681980,0.0541551540,0.0467010771,0.0626576281,0.0507848975,0.0466433736,0.0271394782,0.0327813898,0.0341719844,0.0398953777,0.0613491045,0.0420689563,0.0488632838,0.0381096962,0.0332580171,0.0467157108,0.0441614870,0.0445115860,0.1241427258,0.1713608559,0.1130287288,0.0241805677,0.0350308090,0.0329214389,0.0512495879
ACAO_CSUD3,0.0268766996,0.0173708625,0.0147391269,0.0308968140,0.0488742625,0.0348541834,0.0313037253,0.0373956617,0.0321935447,0.0288966789,0.0300518032,0.0198936971,0.0267491272,0.0249464306,0.0317172283,0.0125744883,0.0117230043,0.0280423378,0.0309676426,0.0129037623,0.0189721153,0.0245828141,0.0332827308,0.0247736144,0.0414573011,0.1572382345,0.0445712130,0.0362975198,0.0180159839,0.0223173775,0.0212503190,0.0204385925,0.0263833257,0.0431344823,0.0409976845,0.0246681882,0.0293034606,0.0244694163,0.0488373914,0.0287579356,0.0328028322,0.0342844254,0.0266524777,0.0161641150,0.0517397475,0.0257290675,0.0346562615,0.0139708355,0.0248556908,0.0293759507,0.0263595515,0.0282182411,0.0439241285,0.0254274830,0.0143815327,0.0194463832,0.0300926467,0.0380530924,0.0367917793,0.0251094767,0.0201347436,0.0308682111,0.0422181423,0.0297095650,0.0336663671,0.0328782449,0.0170007199,0.0325379433,0.0334894833,0.0250201529,0.0240886812,0.0326865033,0.0470114952,0.0194536864,0.0168462413,0.0400670291,0.0210874944,0.0334246394,0.0386731790,0.0355155585,0.0266683499,0.0254274381,0.0277378252,0.0184800656,0.0207105434,0.0194401795,0.0251424391,0.0476080128,0.0170783264,0.0331548140,0.0241130356,0.0267928782,0.0321281554,0.0345468164,0.0223675757,0.0319314114,0.0398288591,0.0214013239,0.0159288529,0.0269315744,0.0200704583,0.0367882833
ACAO_CYRE3,0.0506498120,0.0323474562,0.0192015179,0.0589261698,0.0779139372,0.0690016634,0.0607140979,0.0775918067,0.0653388161,0.0585451552,0.0606940447,0.0291826409,0.0397184664,0.0462596002,0.0590300290,0.0150832961,0.0218650583,0.0497408640,0.0552181532,0.0208434626,0.0381938813,0.0467650121,0.0601289032,0.0430345237,0.0662187474,0.0445712130,0.1542793997,0.0750869925,0.0308833839,0.0362393588,0.0403985136,0.0407689000,0.0382049926,0.1056327083,0.1040457064,0.0366653745,0.0399551795,0.0411520661,0.1054917890,0.0469616734,0.0521574335,0.0580366295,0.0458828278,0.0305638076,0.1006520070,0.0537038289,0.0372953349,0.0286708012,0.0436692796,0.0585148083,0.0506878826,0.0579210129,0.0829702635,0.0344659841,0.0230955841,0.0385251835,0.0500531660,0.0706394364,0.0826420899,0.0421945163,0.0380993831,0.0604022936,0.1131212295,0.0643932545,0.0547365897,0.0607927269,0.0326834927,0.0557721363,0.0580925487,0.0391092118,0.0314700929,0.0609799041,0.0696513615,0.0343158692,0.0355549635,0.0726216818,0.0342456986,0.0730038510,0.0748017393,0.0493162193,0.0567190510,0.0499548276,0.0530804626,0.0242774967,0.0246021263,0.0348617128,0.0375638958,0.0895921793,0.0363815268,0.0593324467,0.0414304124,0.0460150852,0.0444514212,0.0741543798,0.0346975122,0.0554998278,0.0683745129,0.0341476456,0.0270410674,0.0453203024,0.0324895852,0.0734031194
ACAO_DXCO3,0.0427600736,0.0281062108,0.0175460235,0.0486762804,0.0593321083,0.0567084269,0.0494617729,0.0630067069,0.0528319144,0.0491084823,0.0497841102,0.0297407794,0.0421618320,0.0458169089,0.0506024437,0.0146662659,0.0169959009,0.0440896579,0.0474117846,0.0199642086,0.0294394435,0.0383370782,0.0518360378,0.0358593542,0.0658289072,0.0362975198,0.0750869925,0.1465600053,0.0272277412,0.0301364757,0.0362285999,0.0317783473,0.0376458853,0.0707819999,0.0691952054,0.0410385779,0.0369851699,0.0329192486,0.0742437055,0.0462418221,0.0535044462,0.0574259299,0.0395938958,0.0246866458,0.0737261047,0.0430910937,0.0340080014,0.0251549684,0.0373080546,0.0482516748,0.0412158679,0.0472053318,0.0600879593,0.0301453607,0.0271702822,0.0304375727,0.0443557918,0.0530076007,0.0657058587,0.0428697008,0.0333191419,0.0483768853,0.0741053185,0.0483797502,0.0496653596,0.0521609601,0.0299411011,0.0505339943,0.0520182369,0.0296144906,0.0295676397,0.0503810103,0.0583761911,0.0293878644,0.0279079295,0.0596128928,0.0279213561,0.0639644845,0.0623195779,0.0419907862,0.0467492751,0.0433461516,0.0434290227,0.0231877865,0.0219872787,0.0352510878,0.0353721829,0.0664242769,0.0256982605,0.0498261894,0.0352555232,0.0392573752,0.0406274914,0.0569715724,0.0352170993,0.0541103498,0.0674421575,0.0374809861,0.0239907285,0.0389069477,0.0322660492,0.0607410385
ACAO_EGIE3,0.0193820475,0.0160899136,0.0067523851,0.0176470645,0.0225988648,0.0371861688,0.0327822702,0.0301338991,0.0298147696,0.0277432860,0.0272687324,0.0120085177,0.0177530887,0.0195730184,0.0259130301,0.0084305580,0.0097606387,0.0308492543,0.0350681919,0.0107590297,0.0258345824,0.0275901530,0.0254128796,0.0244496634,0.0262970414,0.0180159839,0.0308833839,0.0272277412,0.0495385419,0.0115040463,0.0182857101,0.0242858868,0.0147550081,0.0280717881,0.0288368406,0.0126764203,0.0125676176,0.0162766258,0.0270468665,0.0174166668,0.0199197844,0.0225494546,0.0188145272,0.0087577058,0.0303787082,0.0209012804,0.0113062968,0.0198236570,0.0205274199,0.0263940884,0.0217865585,0.0257423143,0.0255347264,0.0136154257,0.0108439172,0.0113651508,0.0197725030,0.0233159854,0.0287163774,0.0182188047,0.0146669951,0.0293394466,0.0292272980,0.0261729893,0.0205305884,0.0234704996,0.0165232669,0.0247996957,0.0253926900,0.0147349685,0.0127750168,0.0221570611,0.0208297081,0.0160187514,0.0181951159,0.0269108892,0.0097375970,0.0272527992,0.0244476313,0.0149612619,0.0249513650,0.0230229202,0.0282280518,0.0096816271,0.0114171178,0.0153713508,0.0123089973,0.0256424545,0.0094301189,0.0211876558,0.0206786936,0.0202001873,0.0177278057,0.0203698624,0.0146379341,0.0172446082,0.0235902303,0.0149260468,0.0157722935,0.0194943897,0.0155670328,0.0271287909
